2.762480000000000000e+05
1.629952000000000000e+06
1.577040000000000000e+06
7.387520000000000000e+05
1.225040000000000000e+05
7.236800000000000000e+05
1.071520000000000000e+05
1.024720000000000000e+05
5.838400000000000000e+04
2.828480000000000000e+05
1.652880000000000000e+05
2.149864000000000000e+06
5.417360000000000000e+05
2.035680000000000000e+05
2.200080000000000000e+05
7.631520000000000000e+05
3.831200000000000000e+05
4.566240000000000000e+05
1.121304000000000000e+06
1.406880000000000000e+05
6.263200000000000000e+05
1.297672000000000000e+06
3.195200000000000000e+04
1.830720000000000000e+05
4.099200000000000000e+04
5.353760000000000000e+05
3.894656000000000000e+06
8.920800000000000000e+04
1.287680000000000000e+05
1.624800000000000000e+04
2.548800000000000000e+04
1.550576000000000000e+06
1.592656000000000000e+06
6.526400000000000000e+04
1.613016000000000000e+06
2.381440000000000000e+05
1.285832000000000000e+06
5.896000000000000000e+04
7.440000000000000000e+04
3.314480000000000000e+05
2.892480000000000000e+05
2.815360000000000000e+05
1.766720000000000000e+05
1.191440000000000000e+05
1.096896000000000000e+06
2.488560000000000000e+05
2.079600000000000000e+05
2.696800000000000000e+05
7.070400000000000000e+04
6.724000000000000000e+04
4.176640000000000000e+05
4.074480000000000000e+05
1.218400000000000000e+06
6.914400000000000000e+04
1.315528000000000000e+06
1.136152000000000000e+06
4.782240000000000000e+05
9.738880000000000000e+05
4.052320000000000000e+05
8.586400000000000000e+04
8.776000000000000000e+03
1.070240000000000000e+05
2.115360000000000000e+05
2.692000000000000000e+06
1.362336000000000000e+06
6.611840000000000000e+05
1.345920000000000000e+05
4.395760000000000000e+05
5.201280000000000000e+05
3.100400000000000000e+05
4.803200000000000000e+04
1.340080000000000000e+05
4.300240000000000000e+05
3.896800000000000000e+04
1.330320000000000000e+05
4.677520000000000000e+05
5.394400000000000000e+04
8.538160000000000000e+05
6.288480000000000000e+05
1.915840000000000000e+05
7.090400000000000000e+04
3.813280000000000000e+06
1.680336000000000000e+06
2.133536000000000000e+06
1.630224000000000000e+06
6.471200000000000000e+04
8.299200000000000000e+04
1.343680000000000000e+05
2.441120000000000000e+05
3.596400000000000000e+05
4.972400000000000000e+05
2.842088000000000000e+06
1.873040000000000000e+05
1.132480000000000000e+05
3.734400000000000000e+04
1.666400000000000000e+05
1.869440000000000000e+05
1.693440000000000000e+05
6.119680000000000000e+05
3.570400000000000000e+04
1.285280000000000000e+05
2.060080000000000000e+05
3.203888000000000000e+06
1.929840000000000000e+05
6.375120000000000000e+05
1.671760000000000000e+06
2.756000000000000000e+04
2.070800000000000000e+05
3.674160000000000000e+05
8.060480000000000000e+05
3.355600000000000000e+05
3.148480000000000000e+05
4.418512000000000000e+06
9.450400000000000000e+04
2.203200000000000000e+04
5.582720000000000000e+05
1.008000000000000000e+04
2.224240000000000000e+05
3.588880000000000000e+05
1.036960000000000000e+05
7.012320000000000000e+05
9.864000000000000000e+03
1.573200000000000000e+05
4.174560000000000000e+05
1.224640000000000000e+05
7.284400000000000000e+05
3.002240000000000000e+05
9.759760000000000000e+05
1.501900800000000000e+07
2.131264000000000000e+06
5.674640000000000000e+05
1.586720000000000000e+05
2.042400000000000000e+04
3.261440000000000000e+05
1.588800000000000000e+04
5.129120000000000000e+05
2.058416000000000000e+06
4.747520000000000000e+05
6.780000000000000000e+04
2.590400000000000000e+05
2.349840000000000000e+05
1.515040000000000000e+05
2.303440000000000000e+05
3.793440000000000000e+05
8.607200000000000000e+04
9.386000000000000000e+05
2.082448000000000000e+06
1.673232000000000000e+06
6.579200000000000000e+04
6.931200000000000000e+04
6.577600000000000000e+04
6.798400000000000000e+04
3.969920000000000000e+05
3.974400000000000000e+04
2.902000000000000000e+05
2.185552000000000000e+06
1.117040000000000000e+05
1.069280000000000000e+05
1.956080000000000000e+05
4.589200000000000000e+05
4.669440000000000000e+05
5.998960000000000000e+05
1.084800000000000000e+05
1.340480000000000000e+05
2.037760000000000000e+06
2.631200000000000000e+05
3.240880000000000000e+05
3.234960000000000000e+05
3.734720000000000000e+05
8.556800000000000000e+04
5.514880000000000000e+05
5.862240000000000000e+05
2.672320000000000000e+05
5.467600000000000000e+05
1.682408000000000000e+06
1.651784000000000000e+06
4.433120000000000000e+05
7.747600000000000000e+05
6.734960000000000000e+05
2.571360000000000000e+05
4.392240000000000000e+05
1.970880000000000000e+05
1.332880000000000000e+05
6.870800000000000000e+05
1.364640000000000000e+05
2.613600000000000000e+05
6.075200000000000000e+04
2.452080000000000000e+05
1.571200000000000000e+05
4.351680000000000000e+05
2.636960000000000000e+05
7.288800000000000000e+04
1.622640000000000000e+05
3.771920000000000000e+05
1.667680000000000000e+05
5.109600000000000000e+04
5.609280000000000000e+05
1.286880000000000000e+05
9.500000000000000000e+04
3.560320000000000000e+05
7.786400000000000000e+04
8.387200000000000000e+04
7.012480000000000000e+05
3.949520000000000000e+05
1.226160000000000000e+05
2.490800000000000000e+05
3.708160000000000000e+05
5.473440000000000000e+05
6.750960000000000000e+05
1.237776000000000000e+06
1.185280000000000000e+05
3.065080000000000000e+06
1.071968000000000000e+06
2.785280000000000000e+05
5.642400000000000000e+05
6.220800000000000000e+05
4.339600000000000000e+05
4.248640000000000000e+05
4.272080000000000000e+05
4.262720000000000000e+05
1.038480000000000000e+06
4.246800000000000000e+05
4.249760000000000000e+05
9.420000000000000000e+04
4.736800000000000000e+05
4.741280000000000000e+05
2.203120000000000000e+05
1.080240000000000000e+05
4.747200000000000000e+04
3.533840000000000000e+05
4.616000000000000000e+05
1.877600000000000000e+05
3.512000000000000000e+04
8.568800000000000000e+04
3.116800000000000000e+05
7.864000000000000000e+03
1.548000000000000000e+05
8.456000000000000000e+03
1.040000000000000000e+03
4.936480000000000000e+05
1.014240000000000000e+05
5.099200000000000000e+04
2.114720000000000000e+05
3.231200000000000000e+04
2.146400000000000000e+04
6.712800000000000000e+04
1.722896000000000000e+06
4.785040000000000000e+05
4.774320000000000000e+05
4.801920000000000000e+05
2.239600000000000000e+05
4.673920000000000000e+05
9.898400000000000000e+05
6.038640000000000000e+05
4.314400000000000000e+04
2.616080000000000000e+05
5.135200000000000000e+04
1.150880000000000000e+05
1.128656000000000000e+06
1.719200000000000000e+05
4.526032000000000000e+06
2.150400000000000000e+04
7.154480000000000000e+05
1.764800000000000000e+05
1.000000000000000000e+04
6.728000000000000000e+04
8.769600000000000000e+05
1.703920000000000000e+05
3.420000000000000000e+05
4.211920000000000000e+05
1.066480000000000000e+05
6.915520000000000000e+05
4.400880000000000000e+05
9.420160000000000000e+05
1.367840000000000000e+05
4.700640000000000000e+05
3.228400000000000000e+05
1.586720000000000000e+05
1.643920000000000000e+05
2.838080000000000000e+05
1.974800000000000000e+05
2.010848000000000000e+06
3.752400000000000000e+05
6.306800000000000000e+05
1.417856000000000000e+06
1.303600000000000000e+05
1.199352000000000000e+06
1.360128000000000000e+06
4.073680000000000000e+05
3.237800000000000000e+06
1.717280000000000000e+05
1.974160000000000000e+05
4.240800000000000000e+04
2.588000000000000000e+04
2.403200000000000000e+05
8.376560000000000000e+05
1.733840000000000000e+06
9.853600000000000000e+04
1.455440000000000000e+05
1.782104000000000000e+06
3.024720000000000000e+06
2.851520000000000000e+06
2.402400000000000000e+04
3.865736000000000000e+06
1.212000000000000000e+04
4.502720000000000000e+05
6.509520000000000000e+05
3.912960000000000000e+05
2.986240000000000000e+05
4.867280000000000000e+05
8.212800000000000000e+04
3.513136000000000000e+06
7.447072000000000000e+06
7.980800000000000000e+06
4.180320000000000000e+05
2.864720000000000000e+05
1.904800000000000000e+04
1.390080000000000000e+05
1.722224000000000000e+06
1.720976000000000000e+06
6.420264000000000000e+06
1.638160000000000000e+05
2.185840000000000000e+05
7.541600000000000000e+04
4.287816000000000000e+06
2.769840000000000000e+05
2.525600000000000000e+04
4.769600000000000000e+05
1.372560000000000000e+05
5.903280000000000000e+05
3.236000000000000000e+04
3.396800000000000000e+04
1.033840000000000000e+05
3.161600000000000000e+04
2.045360000000000000e+05
9.062320000000000000e+05
1.990960000000000000e+05
6.932000000000000000e+04
2.118000000000000000e+05
9.075200000000000000e+04
7.667352000000000000e+06
3.916720000000000000e+05
9.468240000000000000e+05
3.866480000000000000e+05
1.734560000000000000e+05
2.762640000000000000e+05
1.309040000000000000e+05
1.036480000000000000e+05
4.632440000000000000e+06
1.616800000000000000e+04
6.034400000000000000e+04
6.251200000000000000e+04
1.047848000000000000e+06
1.438560000000000000e+05
2.011200000000000000e+05
2.384320000000000000e+05
1.736400000000000000e+05
3.194480000000000000e+05
1.938480000000000000e+05
7.071680000000000000e+05
8.359760000000000000e+05
2.777432000000000000e+06
8.731440000000000000e+05
1.414304000000000000e+06
1.202072000000000000e+06
3.916000000000000000e+05
9.139760000000000000e+05
2.072400000000000000e+05
1.459280000000000000e+05
5.820800000000000000e+04
5.241120000000000000e+05
2.147600000000000000e+05
6.882880000000000000e+05
7.625440000000000000e+05
2.262240000000000000e+05
3.945664000000000000e+06
9.318960000000000000e+05
1.892112000000000000e+06
8.652800000000000000e+04
2.991800000000000000e+06
7.266464000000000000e+06
1.887280000000000000e+05
2.274800000000000000e+05
1.829200000000000000e+05
4.813920000000000000e+05
1.188080000000000000e+05
1.593120000000000000e+05
1.716480000000000000e+05
2.934160000000000000e+06
9.251200000000000000e+04
8.713600000000000000e+04
1.134800000000000000e+05
3.976000000000000000e+05
1.675840000000000000e+05
1.730400000000000000e+05
6.488000000000000000e+03
1.430480000000000000e+05
1.648800000000000000e+04
5.463200000000000000e+04
1.096080000000000000e+05
1.567040000000000000e+05
4.060320000000000000e+05
1.515760000000000000e+05
1.002480000000000000e+05
5.374640000000000000e+05
1.907040000000000000e+05
7.047200000000000000e+05
1.054720000000000000e+06
8.987200000000000000e+04
1.754080000000000000e+05
1.153280000000000000e+05
1.372720000000000000e+05
2.127120000000000000e+05
7.480000000000000000e+04
2.667992000000000000e+06
6.403224000000000000e+06
8.159856000000000000e+06
8.322400000000000000e+04
4.169040000000000000e+05
5.265440000000000000e+05
1.102560000000000000e+05
3.917840000000000000e+05
1.023056000000000000e+06
1.992480000000000000e+05
1.881120000000000000e+05
3.866560000000000000e+05
2.433600000000000000e+05
5.131200000000000000e+04
2.395200000000000000e+05
7.782880000000000000e+05
5.502080000000000000e+05
5.613840000000000000e+05
7.282240000000000000e+05
3.336000000000000000e+03
2.045120000000000000e+05
2.052880000000000000e+05
2.577120000000000000e+05
4.010640000000000000e+05
1.590480000000000000e+05
4.897600000000000000e+04
2.779520000000000000e+05
3.285280000000000000e+05
7.341200000000000000e+05
2.599520000000000000e+05
3.745600000000000000e+04
8.101840000000000000e+05
5.461600000000000000e+04
3.210480000000000000e+05
5.905520000000000000e+05
2.340400000000000000e+05
1.904384000000000000e+06
1.470320000000000000e+05
1.989120000000000000e+05
1.634880000000000000e+05
2.543840000000000000e+05
3.886000000000000000e+05
4.138320000000000000e+05
8.822000000000000000e+05
4.620000000000000000e+04
2.069520000000000000e+05
5.139120000000000000e+05
1.988080000000000000e+05
4.525200000000000000e+05
1.540880000000000000e+05
1.904400000000000000e+05
4.202560000000000000e+05
8.115760000000000000e+05
1.246000000000000000e+05
1.060848000000000000e+06
4.765600000000000000e+04
1.054080000000000000e+05
3.206160000000000000e+05
5.307600000000000000e+05
8.674400000000000000e+04
2.558320000000000000e+05
1.493920000000000000e+05
2.000000000000000000e+04
1.280000000000000000e+03
3.443120000000000000e+05
1.956560000000000000e+05
1.243680000000000000e+05
2.542192000000000000e+06
5.063200000000000000e+04
1.080000000000000000e+04
4.234400000000000000e+04
2.524560000000000000e+05
1.048000000000000000e+03
1.212800000000000000e+04
3.018400000000000000e+04
2.964000000000000000e+04
2.874400000000000000e+04
4.130400000000000000e+04
8.298400000000000000e+04
4.674240000000000000e+05
9.365920000000000000e+05
1.110160000000000000e+05
5.260240000000000000e+05
5.824000000000000000e+04
5.227760000000000000e+05
5.207120000000000000e+05
2.831920000000000000e+05
4.204080000000000000e+05
1.648240000000000000e+05
2.485144000000000000e+06
4.058640000000000000e+05
3.744232000000000000e+06
1.195280000000000000e+05
3.194400000000000000e+05
1.472000000000000000e+03
1.649920000000000000e+05
1.284640000000000000e+05
1.481600000000000000e+05
1.767120000000000000e+05
9.810240000000000000e+05
4.168000000000000000e+04
3.056560000000000000e+05
4.575200000000000000e+04
2.244720000000000000e+05
4.015200000000000000e+04
7.745600000000000000e+04
7.814400000000000000e+04
2.612720000000000000e+05
3.675200000000000000e+04
2.172800000000000000e+05
1.701600000000000000e+04
8.062320000000000000e+05
1.685600000000000000e+04
2.588960000000000000e+05
4.830400000000000000e+04
2.213520000000000000e+05
2.008800000000000000e+04
1.032000000000000000e+03
7.612800000000000000e+04
6.592000000000000000e+04
1.551760000000000000e+05
4.092000000000000000e+04
1.194160000000000000e+05
1.809200000000000000e+05
3.407920000000000000e+05
3.668480000000000000e+05
4.834000000000000000e+05
3.936000000000000000e+05
2.504000000000000000e+04
6.376560000000000000e+05
2.548800000000000000e+05
3.152960000000000000e+05
2.400960000000000000e+05
1.171360000000000000e+05
1.348160000000000000e+05
2.671280000000000000e+05
1.253360000000000000e+05
1.382480000000000000e+05
3.537600000000000000e+04
8.034640000000000000e+05
1.021976000000000000e+06
1.019912000000000000e+06
2.180800000000000000e+05
1.218864000000000000e+06
3.562880000000000000e+05
1.885920000000000000e+05
1.813120000000000000e+05
2.596640000000000000e+05
2.570880000000000000e+05
1.599840000000000000e+05
1.142032000000000000e+06
9.380560000000000000e+05
9.134800000000000000e+05
9.138480000000000000e+05
2.481920000000000000e+05
4.116320000000000000e+05
1.714240000000000000e+05
2.369600000000000000e+04
5.175200000000000000e+04
4.977600000000000000e+05
5.288960000000000000e+05
1.633320000000000000e+06
1.924560000000000000e+05
1.645040000000000000e+05
1.323680000000000000e+05
1.550080000000000000e+05
6.800800000000000000e+04
2.480312000000000000e+06
6.702640000000000000e+05
5.772000000000000000e+04
3.233592000000000000e+06
2.826800000000000000e+05
1.266640000000000000e+05
6.069600000000000000e+04
1.420720000000000000e+05
4.183760000000000000e+05
8.366240000000000000e+05
1.092872000000000000e+06
7.018240000000000000e+05
4.026320000000000000e+05
4.208800000000000000e+04
7.325600000000000000e+04
1.825600000000000000e+05
1.069096000000000000e+06
5.812000000000000000e+04
3.813568000000000000e+06
1.941440000000000000e+05
1.831920000000000000e+05
7.052800000000000000e+05
7.053600000000000000e+04
5.879200000000000000e+04
4.412560000000000000e+05
6.144240000000000000e+05
9.696000000000000000e+04
4.384720000000000000e+05
1.465528000000000000e+06
3.647360000000000000e+05
3.836320000000000000e+05
3.729040000000000000e+05
3.355200000000000000e+04
1.016000000000000000e+03
9.760000000000000000e+02
5.187280000000000000e+05
5.404720000000000000e+05
4.128400000000000000e+05
1.135360000000000000e+05
2.163600000000000000e+05
1.911600000000000000e+05
2.479120000000000000e+05
1.060720000000000000e+05
2.199280000000000000e+05
1.591280000000000000e+05
1.014960000000000000e+05
2.162160000000000000e+05
1.096000000000000000e+03
4.704080000000000000e+05
4.891600000000000000e+05
4.919760000000000000e+05
4.386000000000000000e+05
2.190880000000000000e+05
4.416960000000000000e+05
3.880000000000000000e+05
5.715040000000000000e+05
2.506000000000000000e+05
2.672960000000000000e+05
2.543840000000000000e+05
2.341760000000000000e+05
2.174720000000000000e+05
5.199040000000000000e+05
4.827040000000000000e+05
1.152000000000000000e+03
1.866400000000000000e+04
2.570160000000000000e+05
2.406560000000000000e+05
2.126080000000000000e+05
2.000960000000000000e+05
1.700800000000000000e+04
1.526160000000000000e+05
2.955512000000000000e+06
4.253920000000000000e+05
2.642984000000000000e+06
4.090640000000000000e+05
3.806080000000000000e+05
2.223600000000000000e+05
1.080080000000000000e+05
3.132800000000000000e+04
1.155208000000000000e+06
1.845440000000000000e+05
1.943280000000000000e+05
5.424000000000000000e+03
5.539200000000000000e+04
9.164800000000000000e+04
1.914400000000000000e+04
2.712960000000000000e+05
9.061600000000000000e+04
1.110080000000000000e+05
1.643200000000000000e+05
1.957200000000000000e+05
8.350080000000000000e+05
1.133920000000000000e+05
3.098880000000000000e+05
1.981360000000000000e+05
1.987600000000000000e+05
2.357280000000000000e+05
1.077912000000000000e+06
3.986400000000000000e+04
3.965592000000000000e+06
8.712000000000000000e+03
4.476560000000000000e+05
5.691760000000000000e+05
6.515920000000000000e+05
3.332800000000000000e+04
6.326320000000000000e+05
8.629600000000000000e+04
2.104400000000000000e+05
3.852000000000000000e+04
3.424800000000000000e+04
1.461120000000000000e+05
2.856960000000000000e+05
2.796800000000000000e+05
3.863840000000000000e+05
6.819520000000000000e+05
1.104720000000000000e+05
8.566160000000000000e+05
2.419600000000000000e+05
1.024984000000000000e+06
1.473280000000000000e+05
1.172712000000000000e+06
8.188640000000000000e+05
2.542480000000000000e+05
5.272000000000000000e+04
1.675896000000000000e+06
4.557040000000000000e+05
1.832800000000000000e+04
8.117600000000000000e+04
5.734400000000000000e+04
4.266168000000000000e+06
3.241672000000000000e+06
1.408320000000000000e+05
3.056480000000000000e+05
9.775120000000000000e+05
5.752160000000000000e+05
5.882800000000000000e+05
6.382000000000000000e+05
2.542640000000000000e+05
3.340736000000000000e+06
3.806640000000000000e+05
1.162800000000000000e+05
7.104800000000000000e+04
1.614568000000000000e+06
2.599600000000000000e+05
1.852960000000000000e+05
8.006400000000000000e+04
2.128320000000000000e+05
5.053592000000000000e+06
1.224720000000000000e+05
1.599256000000000000e+06
5.019040000000000000e+05
6.332160000000000000e+05
1.982656000000000000e+06
8.160880000000000000e+05
3.425448000000000000e+06
3.763760000000000000e+05
4.045224000000000000e+06
6.584000000000000000e+04
1.918480000000000000e+05
1.744400000000000000e+05
1.081800000000000000e+06
6.006720000000000000e+05
1.107304000000000000e+06
1.385392000000000000e+06
7.103200000000000000e+04
1.423360000000000000e+05
3.622400000000000000e+04
3.228240000000000000e+05
5.306240000000000000e+05
1.354960000000000000e+05
1.131824000000000000e+06
4.534000000000000000e+05
1.689280000000000000e+05
3.582800000000000000e+05
3.899920000000000000e+06
2.566456000000000000e+06
2.736000000000000000e+04
3.102000000000000000e+05
5.057744000000000000e+06
2.126160000000000000e+05
1.150152000000000000e+06
4.218400000000000000e+05
9.834000000000000000e+05
9.717760000000000000e+05
3.574168000000000000e+06
8.337680000000000000e+05
9.040800000000000000e+04
5.983520000000000000e+05
5.635520000000000000e+05
5.660160000000000000e+05
1.012128000000000000e+06
8.730960000000000000e+05
1.894480000000000000e+05
5.856800000000000000e+04
5.898400000000000000e+04
7.156800000000000000e+04
2.316904000000000000e+06
9.667600000000000000e+05
1.819896000000000000e+06
7.777200000000000000e+05
1.450080000000000000e+05
2.831560000000000000e+06
1.345408000000000000e+06
1.610984000000000000e+06
1.347040000000000000e+06
1.344976000000000000e+06
1.308360000000000000e+06
1.041840000000000000e+06
2.953200000000000000e+05
5.147200000000000000e+05
3.364072000000000000e+06
5.611040000000000000e+05
6.212800000000000000e+04
2.313344000000000000e+06
5.691920000000000000e+05
6.992480000000000000e+05
2.172320000000000000e+05
4.255520000000000000e+05
1.699760000000000000e+05
1.877920000000000000e+05
1.671040000000000000e+05
1.865360000000000000e+05
3.803040000000000000e+05
6.400000000000000000e+04
1.860640000000000000e+05
4.590400000000000000e+05
3.832240000000000000e+05
7.766400000000000000e+05
7.764320000000000000e+05
7.768800000000000000e+05
4.516800000000000000e+05
2.050048000000000000e+06
6.576480000000000000e+05
5.716640000000000000e+05
1.081456000000000000e+06
7.978320000000000000e+05
2.858000000000000000e+05
3.103040000000000000e+05
2.899200000000000000e+04
2.311600000000000000e+06
5.038640000000000000e+05
2.473040000000000000e+05
1.346328000000000000e+06
3.663568000000000000e+06
6.344800000000000000e+04
5.573200000000000000e+05
5.741680000000000000e+05
1.875280000000000000e+05
5.712560000000000000e+05
2.952880000000000000e+05
3.027760000000000000e+05
1.820080000000000000e+05
6.284000000000000000e+04
2.885600000000000000e+05
3.885600000000000000e+04
1.418080000000000000e+05
6.955280000000000000e+05
1.992464000000000000e+06
1.094720000000000000e+05
8.770344000000000000e+06
1.929840000000000000e+06
8.827824000000000000e+06
7.349600000000000000e+04
3.822720000000000000e+05
3.358640000000000000e+05
3.908000000000000000e+04
2.299360000000000000e+05
2.560992000000000000e+06
4.441440000000000000e+05
1.051663200000000000e+07
1.638960000000000000e+05
1.291408000000000000e+06
4.284480000000000000e+05
1.993520000000000000e+05
1.569200000000000000e+05
4.608800000000000000e+05
1.202000000000000000e+05
1.864800000000000000e+04
1.172160000000000000e+05
2.039200000000000000e+04
7.689280000000000000e+05
1.918240000000000000e+05
3.798424000000000000e+06
9.173520000000000000e+05
1.830032000000000000e+06
6.719760000000000000e+05
2.506080000000000000e+05
3.921440000000000000e+05
3.354160000000000000e+05
2.393760000000000000e+05
5.333840000000000000e+05
5.248000000000000000e+03
2.901120000000000000e+05
5.945600000000000000e+04
1.105600000000000000e+05
1.967440000000000000e+05
9.512912000000000000e+06
7.874640000000000000e+05
5.360000000000000000e+04
5.823440000000000000e+05
1.403040000000000000e+06
1.401160000000000000e+06
2.024080000000000000e+05
5.715200000000000000e+04
1.423920000000000000e+05
2.157520000000000000e+05
1.670800000000000000e+05
2.255200000000000000e+05
2.633200000000000000e+05
1.340000000000000000e+04
1.232000000000000000e+04
1.895800000000000000e+06
3.702088000000000000e+06
1.034272000000000000e+06
4.114640000000000000e+05
2.606536000000000000e+06
4.219120000000000000e+05
2.956000000000000000e+05
9.337040000000000000e+05
1.057040000000000000e+05
8.266400000000000000e+04
7.475280000000000000e+05
3.938400000000000000e+04
3.144168000000000000e+06
2.862400000000000000e+04
5.603200000000000000e+05
8.985280000000000000e+05
1.224080000000000000e+05
3.864000000000000000e+04
1.146640000000000000e+05
7.392800000000000000e+04
1.031520000000000000e+05
2.047896000000000000e+06
3.743200000000000000e+04
1.014960000000000000e+05
5.011200000000000000e+04
1.663909600000000000e+07
3.577520000000000000e+05
1.070800000000000000e+05
1.627280000000000000e+06
3.558480000000000000e+05
3.160712000000000000e+06
1.501280000000000000e+05
6.342400000000000000e+04
9.600000000000000000e+02
1.114240000000000000e+05
1.091776000000000000e+06
9.416800000000000000e+04
2.404240000000000000e+05
6.034400000000000000e+04
7.186720000000000000e+05
1.750400000000000000e+05
2.432960000000000000e+06
4.933280000000000000e+05
1.326800000000000000e+05
1.787040000000000000e+05
1.715584000000000000e+06
9.193600000000000000e+04
9.292000000000000000e+04
2.286400000000000000e+04
2.314400000000000000e+05
3.650560000000000000e+05
1.278640000000000000e+05
2.646160000000000000e+05
6.316000000000000000e+04
1.475600000000000000e+05
2.655200000000000000e+04
1.568400000000000000e+05
3.798400000000000000e+04
3.570400000000000000e+04
1.783680000000000000e+05
2.017440000000000000e+05
2.456960000000000000e+05
2.726560000000000000e+05
9.844000000000000000e+04
1.229520000000000000e+05
2.926960000000000000e+05
8.634400000000000000e+04
4.436720000000000000e+05
1.835408000000000000e+06
4.453680000000000000e+05
2.299840000000000000e+05
5.639120000000000000e+05
2.506536000000000000e+06
2.271904000000000000e+06
4.195520000000000000e+06
2.182720000000000000e+06
6.845600000000000000e+04
4.594800000000000000e+05
8.995600000000000000e+05
2.071040000000000000e+05
6.482400000000000000e+04
2.075200000000000000e+05
6.752432000000000000e+06
8.109600000000000000e+04
3.575360000000000000e+05
1.380400000000000000e+05
4.861280000000000000e+05
3.913944000000000000e+06
4.167520000000000000e+05
1.591200000000000000e+05
3.760000000000000000e+04
3.628800000000000000e+04
4.688800000000000000e+04
4.790400000000000000e+04
8.724800000000000000e+04
2.450560000000000000e+05
2.801368000000000000e+06
5.746720000000000000e+05
4.015360000000000000e+05
2.114880000000000000e+05
2.954400000000000000e+04
4.216000000000000000e+03
1.312720000000000000e+05
5.508800000000000000e+04
1.808640000000000000e+06
4.848000000000000000e+04
8.404720000000000000e+05
3.650000000000000000e+05
1.250160000000000000e+05
8.022400000000000000e+04
1.588880000000000000e+05
1.289304000000000000e+06
7.483040000000000000e+05
2.190640000000000000e+05
1.068560000000000000e+05
6.074880000000000000e+05
5.229600000000000000e+04
5.482560000000000000e+05
2.692240000000000000e+05
7.548000000000000000e+04
9.004000000000000000e+04
1.365040000000000000e+05
9.504800000000000000e+04
5.477920000000000000e+05
3.398400000000000000e+05
8.205760000000000000e+05
2.775200000000000000e+05
3.209520000000000000e+05
2.389784000000000000e+06
1.042096000000000000e+06
8.753040000000000000e+05
5.776800000000000000e+04
2.673216000000000000e+06
2.179520000000000000e+05
4.182400000000000000e+04
1.310080000000000000e+05
1.470160000000000000e+05
4.029760000000000000e+05
4.378016000000000000e+06
1.561600000000000000e+04
4.600000000000000000e+03
3.360800000000000000e+04
4.146688000000000000e+06
8.696000000000000000e+04
1.720000000000000000e+03
5.519200000000000000e+04
7.997840000000000000e+05
7.975680000000000000e+05
7.852000000000000000e+05
7.707360000000000000e+05
8.095840000000000000e+05
8.025200000000000000e+05
8.351920000000000000e+05
8.517200000000000000e+05
8.597200000000000000e+05
7.904320000000000000e+05
8.017760000000000000e+05
8.256960000000000000e+05
8.078320000000000000e+05
2.651520000000000000e+05
1.306960000000000000e+05
2.013600000000000000e+04
1.054784000000000000e+06
1.137920000000000000e+05
6.121600000000000000e+04
9.037600000000000000e+04
2.118080000000000000e+05
1.442296000000000000e+06
4.756000000000000000e+04
7.214400000000000000e+05
1.140640000000000000e+05
1.417040000000000000e+05
2.648800000000000000e+05
4.952000000000000000e+04
1.865600000000000000e+04
5.550400000000000000e+04
9.130560000000000000e+05
1.887544000000000000e+06
1.391040000000000000e+06
3.006320000000000000e+05
3.020880000000000000e+05
2.288720000000000000e+05
5.094560000000000000e+05
6.391280000000000000e+05
6.023040000000000000e+05
2.984800000000000000e+05
2.784160000000000000e+05
6.366400000000000000e+04
3.494968000000000000e+06
6.297840000000000000e+05
1.016000000000000000e+03
4.470480000000000000e+05
6.693600000000000000e+04
1.478400000000000000e+05
8.693920000000000000e+05
1.556160000000000000e+05
6.451200000000000000e+04
3.485440000000000000e+05
2.574400000000000000e+05
1.230560000000000000e+05
2.921704000000000000e+06
2.186072000000000000e+06
6.250360000000000000e+06
3.231600000000000000e+05
8.939280000000000000e+05
4.600160000000000000e+05
1.055440000000000000e+05
3.614160000000000000e+05
2.897040000000000000e+05
1.032000000000000000e+03
4.118400000000000000e+04
3.667040000000000000e+05
5.261600000000000000e+04
1.043760000000000000e+05
1.992640000000000000e+05
1.032000000000000000e+03
9.491200000000000000e+04
4.207200000000000000e+04
5.836000000000000000e+04
1.339200000000000000e+04
1.763968000000000000e+06
4.119360000000000000e+05
6.359200000000000000e+04
5.163200000000000000e+04
4.357680000000000000e+05
8.782320000000000000e+05
4.722560000000000000e+05
5.609672000000000000e+06
