1.886054045807633361e+00
6.172698771999299616e+00
2.897741219430673532e+00
2.121258955713360539e+00
7.269526030326549204e+00
2.286409039198656679e+00
7.503499568989380641e+00
9.863855419847816108e+00
7.990967366665062244e+00
9.886858894980464774e-01
8.430891501048602521e+00
2.060025296781799575e+00
4.355172615269741421e+00
6.247326202141308293e+00
9.214914376961059972e+00
2.081967965077156979e+00
8.835452778183963574e+00
1.183288044353761448e+00
2.327704802225074143e+00
1.120842457690798044e+00
8.022711598752396256e+00
6.446107713059354261e+00
8.971177057272209154e+00
1.180453456404078283e+00
2.308948672747477726e+00
6.805783206482135306e+00
7.715694995537566214e+00
5.817831076937697077e+00
7.027725450987932554e+00
2.949184115499178915e+00
1.133748553449327234e+00
1.602453216476206865e+00
1.470821782403225253e+00
1.039296423758547583e+01
2.034964050433499594e+00
3.199726830790801557e+00
1.623025995467819449e+00
5.383013937628806644e+00
6.359388443221933862e+00
1.145895345234861828e+01
1.091656064901434675e+01
7.301842284094812285e+00
5.120921665250784294e+00
8.248215369633976835e+00
1.154530847203838473e+00
5.827496584447243499e+00
1.292685958565713022e+01
1.065661632243758916e+01
1.288064704522776882e+00
1.323137928740894864e+00
6.081227872701055581e+00
5.748167286592352099e+00
2.803411355182778841e+00
1.282576151989903490e+00
1.717479863062510770e+00
2.415663222715614289e+00
1.725407422206631791e+00
3.930251617390904340e+00
8.455464945382340503e+00
6.952347984309353635e+00
1.062473433252704158e+00
9.188050906850079302e-01
9.405245973100905266e-01
2.012895113030851224e+00
2.287294082091910319e+00
8.938499754737235792e-01
7.250113493092313455e+00
7.934168645481043391e+00
5.729260302191153009e+00
1.200122040807741897e+01
1.021940644427992417e+01
2.669790956772691182e+00
4.780079419987863787e+00
7.274590347912377020e+00
7.214280568097586332e+00
5.134495878775543254e+00
1.099307980582454602e+00
5.440396190605734539e+00
1.802458492673708834e+00
7.719758887426822369e+00
6.084482005660004411e+00
1.279816459037940168e+00
6.116625092464561320e+00
6.005863157916978778e+00
6.172602754258046609e+00
7.761683454759692680e+00
4.417306812784054237e+00
4.950937575956589676e+00
1.189800224824085983e+00
6.316330165416923492e+00
5.471571432170216021e+00
2.277188451135311986e+00
1.050192363532456374e+00
1.147878366326047939e+01
5.384579414889336668e+00
7.734009388798802398e+00
7.064644051217479515e+00
7.793174562180060327e+00
8.587468236088964701e+00
1.139419825128946462e+00
1.136110124979472724e+00
1.309000260695316520e+01
2.083426888492209805e+00
1.172843600372592610e+00
2.386936690233455671e+00
1.585800601913686991e+00
4.326528184045249859e+00
1.910496644193383275e+00
3.685530997790415153e+00
3.458931400202976736e+00
7.097514974887188188e+00
5.891950506651660646e+00
1.883707357053358900e+00
7.367994492226451975e+00
9.657984006409778388e+00
5.896965649611642490e+00
6.237173719277814499e+00
9.570983189783096590e-01
4.841881705533585212e+00
9.459222329999779078e-01
1.157320393493732391e+00
7.264498521162021660e-01
1.921188936957874516e+00
4.406453017021717322e+00
7.049291546164006661e+00
5.420401502896960544e+00
6.579689005304095950e+00
9.494474452042765966e-01
1.380934620147088676e+00
1.956317443733358363e+00
1.227757419157288643e+00
2.445444373399871640e+00
7.827728779697449291e+00
6.774755346758562169e+00
5.649876859435138066e+00
4.152599893444898882e+00
4.708923007505416258e+00
4.384514807425523131e+00
7.477545302752983680e+00
7.508859273939632928e+00
5.076907793287816162e+00
5.688111282952381664e+00
7.814595931366071113e+00
7.590527035748178442e+00
1.704829440060955603e+00
4.703575376473678737e+00
1.335360680850294468e+00
5.766230795264466025e+00
1.360538742936937107e+00
1.292110098629336123e+00
1.326835929541398063e+00
1.340609999004138242e+00
5.760866955969954795e+00
6.417109868469538014e+00
8.414785483796723753e+00
2.532700859808245664e+00
1.021437813242708437e+00
1.108581309910207757e+00
4.665756010596517456e+00
5.434195252931902864e+00
5.652397747737518685e+00
6.378939681728041933e+00
1.041080236534540626e+00
1.018005393741797882e+00
2.442894022615489380e+00
1.021664051576995025e+00
1.324862080033750722e+01
1.335689160974127354e+01
1.189969347790552234e+01
1.226007436873110557e+01
1.105859155390017667e+00
1.131827246711316182e+00
1.063094231871203332e+00
1.098867612877557187e+00
2.022763408491190962e+00
2.210729291808541053e+00
1.404544866296784100e+00
1.030771795468103047e+00
2.310529622483494805e+00
1.034541720517483832e+00
4.874616083587250515e+00
1.166082765558520862e+01
7.375321559125421977e+00
5.702695945159026003e+00
7.229376996290953983e+00
8.954343190310055434e+00
1.203834781984681079e+01
1.228440775614870617e+01
1.003607095025118312e+01
1.478074849625770959e+01
3.453954031318248408e+00
3.455488950342589405e+00
8.946129009609091742e-01
1.100123539229449499e+00
1.000313441192962749e+01
1.354124455719229347e+00
5.535048153379366731e+00
4.385222135976786006e+00
5.700234029955357329e+00
5.723506607663069623e+00
4.321288118301044534e+00
5.143563098314699822e+00
4.971925714180443379e+00
5.753485075980378838e+00
5.567504036521436994e+00
4.851812791988794338e+00
6.106472764669138797e+00
1.080404479839350396e+00
8.811927528801357212e+00
4.405305668300888655e+00
4.286459523930376214e+00
1.529237424621646690e+00
5.544276680818799541e+00
1.335499932011561031e+00
1.223801678146848371e+00
8.987951271453574975e+00
9.077562381777365630e+00
8.334886718271967254e+00
8.835230986147363907e+00
8.700348399457732640e+00
7.856577716754374663e+00
8.473314882621480137e+00
8.497196384893804577e+00
6.803698815593139493e+00
9.082756968727835556e+00
9.198958231059295443e+00
7.494243154567127085e+00
5.792780190823997089e+00
7.812641482810190219e+00
7.940858003872317106e+00
6.432129938710984263e+00
1.355687600337735077e+01
3.375291902922902931e+00
9.134645151813936437e+00
1.059991784388870428e+00
7.405153417417331241e+00
6.520421557829776837e+00
5.269429222573100091e+00
inf
9.170315362533910886e+00
1.610782035471489948e+01
1.096730782999629383e+01
4.138807672011748373e+00
8.215997357734131867e+00
7.485417758475926497e+00
1.070287850931427753e+00
4.393769769054781449e+00
8.747207254157608247e+00
8.736540784889518463e+00
9.084511029948048488e+00
5.139816017985523011e+00
3.584609180266145945e+00
4.017173568698728658e+00
1.778471002371786014e+00
5.417999093452187331e+00
7.570434187812304927e+00
4.597225115383546168e+00
5.285746041664175721e+00
5.692460011749576054e+00
7.467594341471751385e+00
2.411831485570090639e+00
1.703802704558556647e+00
6.704494410689875394e+00
8.010929369108469089e+00
5.406197544966424573e+00
7.712974561247308181e+00
6.812193252959298562e+00
4.598450467375363893e+00
5.797270214050354475e+00
4.197482942518362847e+00
8.282948359024484120e+00
5.765247627994646962e+00
1.539838260319171370e+00
7.840726487666830558e+00
8.144596541787871402e+00
4.842742564558893292e+00
6.177492365842879529e+00
1.023440042934848027e+00
6.521145921846793314e+00
1.050891811517026042e+00
4.952253520023349509e+00
1.529317218150418434e+00
6.637429358931906442e+00
6.044390383644517861e+00
7.803240499749009906e+00
5.194938348441064946e+00
2.834765575119726932e+00
1.536564019964371752e+00
6.032597440007923417e+00
4.672180992281617762e+00
4.544888271363002552e+00
1.184186522769445027e+01
7.115156443943065234e+00
3.884430565650387912e+00
3.416475631763406184e+00
4.533257356378220138e+00
4.373304702252347909e+00
8.518896147254617635e-01
1.028105677428658549e+00
3.441717418356990965e+00
9.698017133171499271e-01
1.037371705944787559e+00
9.421001647593637784e+00
1.329488689699606097e+00
8.329814756225417227e+00
7.405225145905429684e+00
2.027946283999165544e+00
9.924230394391896581e+00
1.210493949439074735e+00
4.946134130799745954e+00
1.247101069256866035e+00
2.840952533962989968e+00
1.227559220035557397e+00
1.756062078663096271e+00
1.065989135810992039e+01
1.251118365792154741e+00
6.878137603561762958e+00
5.468992644716856866e+00
2.264403841343091983e+01
2.252776478459707477e+01
4.423127753002065177e+00
1.351926930592400877e+00
4.627351451661709802e+00
1.118434500872533555e+01
2.525743400197355992e+00
5.784059928758174429e+00
6.157120480202618928e+00
7.575598374848814487e+00
6.526710527155630714e+00
4.012689471380363138e+00
6.758304413518045450e+00
8.169187452640009894e+00
4.471055978419516741e+00
3.577817615047998778e+00
4.873681225448415866e+00
4.306973338831403098e+00
1.088630694555032896e+01
8.102157118039645667e+00
6.600838733499561961e+00
7.358883482721809699e+00
1.224895868982802449e+00
6.174589573173254742e+00
4.401720464434813351e+00
6.769602690117346278e+00
1.000770980582095326e+01
6.025949026047292989e+00
8.286110202176535822e+00
5.315422880967954455e+00
2.324174856522939869e+00
5.151844345941260173e+00
6.369394937915668464e+00
4.994610995540659459e+00
4.761655986483826375e+00
6.263833644021826963e+00
5.367820315768969230e+00
1.232121878921669689e+00
1.234756469920280653e+00
1.214474140876105723e+00
7.940880477276621718e+00
1.626068651454877445e+00
3.964067640990475816e+00
1.811395323274298086e+00
8.141015751064188066e+00
6.608177075847990523e+00
4.723242850824814099e+00
7.824835232557442843e+00
9.600670330526805074e+00
3.347114263730795791e+00
6.750342667311157285e+00
2.700193939882593153e+00
4.931516654836577196e+00
6.801777014299895896e+00
4.771537725666010310e+00
5.829750244089333400e+00
6.706538037979332678e+00
4.729371512727760241e+00
4.375167705295890386e+00
5.382620686066490023e+00
3.938846944006743733e+00
3.276301776613242289e+00
2.057608351718272832e+00
6.036839289050649704e+00
1.113038505112645993e+01
1.049072696562134865e+01
8.213068402665841816e-01
1.836980066862578642e+00
1.174195108165042800e+00
2.835526991156127607e+00
1.944472832357412084e+00
5.094748493504827280e+00
6.693376065381958284e+00
1.918213446670728128e+00
2.562211788392833700e+00
1.034373169490983679e+00
1.037464814424314818e+00
4.840219580880884997e+00
1.311198591476529707e+01
4.246435671947854651e+00
5.544343669627429527e+00
6.362087990712764984e+00
1.438890610544542348e+01
9.110219312966355787e+00
1.250750661706689026e+00
1.258094492713330848e+00
2.906507742683453799e+00
2.662238599179449494e+00
9.012022550390408782e+00
5.232420882604204238e+00
9.877769914528363060e+00
8.034096424807136927e+00
4.643765774568294979e+00
7.390778894580859237e+00
9.444813732234885961e+00
6.708560533388756575e+00
4.874422610149777846e+00
3.192390480933129382e+00
3.113465815523371205e+00
6.711324061634163840e+00
9.611306268387910023e+00
6.971007852591507792e+00
5.230951902196813386e+00
5.675390333735492732e+00
3.000160881201475949e+00
5.692819503131566705e+00
5.377131237939450692e+00
1.030089618936904650e+00
1.040288226210011269e+00
1.035423630860272004e+00
6.099255413445527019e+00
1.783678670136336519e+00
7.085680560948865114e+00
7.000923864043642197e+00
1.876900979381958878e+00
4.208584871962970198e+01
5.477575952483958233e+00
6.109910961952637720e+00
8.956676574003420654e+00
2.240126390241260701e+00
3.344510141519593471e+00
1.020094851527580504e+00
9.912577549401071053e+00
8.063482776625413351e+00
4.985555005244439286e+00
5.904830646293005358e+00
5.325821816235167816e+00
1.098650737053090687e+01
9.866146365840947396e+00
1.285817238234010240e+01
8.130605329011002524e+00
6.341630029517896228e-01
1.439994029835656608e+00
6.287266700212010839e+00
1.542027655897371341e+00
9.224271876856885655e+00
6.777693840357774668e-01
6.133097709553431143e-01
5.274019143370826335e+00
8.519575398333137928e-01
6.526980814775374284e+00
6.151560447353912942e+00
5.817804106580179990e+00
7.278307946095249115e+00
8.199285257340505950e+00
8.072948132963124745e-01
1.132148012329877496e+00
5.362833680934391722e+00
9.237809862913786141e-01
8.385828677984450419e-01
1.800106547206142160e+00
5.916905749855090768e+00
1.046115052274762292e+01
4.945997391962314360e+00
1.074497207139320309e+01
1.127607251048239556e+00
8.123944895837530211e+00
1.086779702733166264e+00
7.482827284325951567e+00
inf
5.169526068146004683e+00
5.480676282822401824e+00
7.954850876368293022e+00
2.936594707885203714e+00
8.476495333495558171e+00
5.210152740591173171e+00
5.242038682740234989e+00
4.472285933132491564e+00
inf
5.782208593058797419e+00
7.668210596511102040e+00
6.138741461128590871e+00
9.298729164539881964e+00
3.632088575403803699e+00
1.164811891602370686e+01
1.045684715732854642e+01
4.316608793808068611e+00
7.214041988745520939e+00
7.810231693638963080e+00
5.733617742617079571e+00
6.601981768309789445e+00
6.427337405327977926e+00
8.423070714743076337e+00
9.295384058850144626e+00
6.432472072731456159e+00
7.958977949759351134e+00
8.000227119922127983e+00
1.591744970644661583e+00
7.054564666663664774e+00
7.911733424930214476e+00
8.308799845635875814e-01
9.980877078687399040e-01
7.975460387162095266e+00
9.895571926119725248e+00
4.516110420836207950e+00
1.837196945482959531e+00
7.911500437258034424e+00
4.630839796446242218e+00
7.654985836158306078e+00
4.908097361080806742e+00
7.605627307811094084e+00
5.450565364993801509e+00
5.963746340303319293e+00
4.378008368758455227e+00
7.122247088844263274e+00
4.575865122592794876e+00
8.596329778939988842e+00
5.874908885081829624e+00
9.780435102910621126e+00
6.144404130998347924e+00
7.926575294573416031e+00
8.058386103556330227e+00
8.655811634404395605e+00
inf
7.838603605193384283e+00
4.538895814873868950e+00
6.893285883149956383e+00
3.933720704744661845e+00
4.807122108615129896e+00
5.582071406074106790e+00
5.711770586426565544e+00
5.798390069562037397e+00
5.783374421265562226e+00
4.583929505033511376e+00
7.845517571552954372e+00
5.031654168902071511e+00
5.555950332746586007e+00
5.281204528031453016e+00
4.091046159648469960e+00
7.885124420380175359e+00
7.912683963297619805e+00
7.311767570550131268e+00
1.340991141174942669e+00
8.189220279919977585e+00
1.801250269128745085e+00
8.454541053810478601e+00
3.878656091501195391e+00
3.791594126307511914e+00
2.738513486463559854e+00
3.643116743364618326e+00
4.455645670273194803e+00
1.232580989523660353e+00
1.254053398502115835e+00
1.250364007783222098e+00
1.254964509679852513e+00
9.324913179818040021e+00
6.241159828431486645e+00
6.132264424756851184e+00
6.280735306311421517e+00
6.289967805567964199e+00
8.473721775319264182e+00
1.356611182978977048e+01
6.502051728283408494e+00
4.439252463864200138e+00
6.110765948768306366e+00
5.180526628141895351e+00
5.382948848635884964e+00
1.800702221600718023e+00
1.094133371113552577e+01
1.014486594374104378e+01
1.049708148061052171e+01
6.700625128959162957e+00
7.760415524919412000e+00
1.451913133809095369e+00
5.875563612008875225e+00
5.377865788449742723e+00
9.682951457653014016e-01
4.856749878715183044e+00
7.972357415602313147e+00
6.710912139184660674e+00
8.996219742683996046e+00
1.224433492907587961e+00
3.571046576394718564e+00
5.578338598047537289e+00
5.853998791283094860e+00
4.007333644011177753e+00
5.694469622637122974e+00
1.774394235380330809e+00
7.122136445347402756e+00
2.445659200256406596e+00
6.805308726454785351e+00
1.427032195576796614e+00
5.242180448545600946e+00
7.518946371302102527e+00
1.194476178414761414e+01
5.534344047016379164e+00
8.178774382036994695e+00
5.625741244259123697e+00
4.543672197869796037e+00
7.844452475019447313e+00
6.525562013057411015e+00
1.952233026231165347e+00
7.594554227426387527e+00
5.281861651815919600e+00
5.627054558085904823e+00
1.088942676966830003e+00
inf
inf
1.527054084139099821e+01
1.429379869672514225e+01
1.760732713888057077e+01
1.928881119782362674e+01
6.800861290396364112e+00
8.140881661734235664e+00
1.971649922795900522e+01
8.088962954057350885e+00
7.217120128244159716e+00
8.221111885176805245e+00
7.285691107722208848e+00
5.734844747291757194e+00
inf
6.478782024154913444e+00
6.786861545553088071e+00
6.923380110027042456e+00
7.499840924274653098e+00
6.148752200990974082e+00
3.190496842833602020e+00
1.319495990472509028e+01
1.358965784560633061e+01
9.793764614657693102e+00
1.333465984585093267e+01
1.377152537699277168e+01
1.186864500721080695e+01
8.093908559517153378e+00
5.705308572689694380e+00
1.326325554518132321e+01
1.915132614903244601e+00
6.332093842237813242e+00
1.514723340904983750e+01
1.496493598167419670e+01
1.538149591396591553e+01
1.585376310321981919e+01
8.110259757826513649e+00
5.114429451275845473e+00
2.717274143406356757e+00
8.205751273852932570e+00
6.531957878662264960e+00
9.942919113032630207e+00
3.485547262494336440e+00
3.340960271007405780e+00
1.520108185168489223e+00
5.188996285727994540e+00
2.532961755753302402e+00
1.380844199373721271e+00
1.554508814968243335e+00
7.033574690333021628e+00
1.082664032929496090e+00
1.066668010789203258e+00
1.201656178487034987e+00
7.694156508059029953e+00
6.556663050108634927e+00
6.150381634995217617e+00
5.669722290257054986e+00
5.317333367931534660e+00
5.883585369495135886e+00
6.996426060381340406e+00
1.049076510842108290e+00
1.069190613720631733e+00
1.058158105794639869e+00
1.051772550061343514e+00
1.423615131058656891e+00
6.341281071430605820e+00
3.580586503595134751e+00
1.037263566236785506e+00
1.040662686764250999e+00
1.061849296463507120e+00
6.410233250391294213e+00
1.039099313850606610e+00
3.166052637340894371e+00
7.131971803350196204e+00
5.443629722721992970e+00
6.640129173363417792e+00
6.504553866504675597e+00
1.222576407957807421e+00
6.688565978514446009e+00
6.303375556202228225e+00
3.295254739907377939e+00
6.298027935105469766e+00
6.796376978684696368e+00
8.627812219022979789e+00
4.955762121346582560e+00
7.652197387454259925e+00
3.428330006822118303e+00
8.195902303555282487e+00
7.924577953308253875e+00
5.926535794065339147e+00
3.189238460748197834e+00
9.817726773404567009e-01
7.073878984013679982e+00
6.121656008012868355e+00
6.278498618494370298e+00
4.693503211502869199e+00
1.504787241884635307e+00
1.431098204542727848e+00
5.546421128186267424e+00
1.045525163619393716e+01
2.519610849742896619e+00
2.623365738814128267e+00
3.831789895093278719e+00
1.585298549496040543e+00
4.727822036440735509e+00
2.096511288932826567e+00
5.244569036733329526e+00
5.547685421409399353e+00
5.376352701810636958e+00
1.776672022704089748e+00
9.077976464955989755e+00
7.134708645715697628e+00
6.569630726390411901e+00
5.594014771869647795e+00
2.002933370093323173e+00
5.550507275565394139e+00
2.150755029118480710e+00
4.448223465321816228e+00
7.903890033952198024e+00
3.911077905243790731e+00
5.878713874051053168e+00
1.909122268265268429e+00
1.222985281071843344e+00
1.470375118216049160e+00
7.181024880022594203e+00
5.186202631220662163e+00
5.009065585791307562e+00
4.458241081054625354e+00
5.105197632039967459e+00
1.451670225857371044e+00
2.540492015200298326e+00
1.047024144692217718e+01
1.040218381619968824e+01
7.547820586052417013e+00
8.562796839544215999e+00
5.115673647334715746e+00
1.154693292699594309e+00
5.479288040055952713e+00
5.741279280418213560e+00
2.462321972045070417e+00
6.900583424028857493e+00
1.097722495546777921e+00
1.153656719311191292e+00
1.098407207947169972e+01
5.380890844674797613e+00
2.136355636259501090e+00
6.732782538494679336e+00
5.728602354684689146e+00
4.641420628535155579e+00
5.909955172049119909e+00
5.823021717804970798e+00
1.446067067912299109e+00
8.703535022259142329e-01
7.960422498182899709e+00
6.119392138944315995e+00
6.096255255929515116e+00
6.244529099032169128e+00
7.033883481489681344e+00
6.039100016064632648e+00
4.035379698078186195e+00
1.254023086267908305e+01
1.263218697689738157e+01
1.256681080730557376e+01
2.751799291917068402e+00
6.575674433872761071e+00
4.835980889357096579e+00
5.867586862312689888e+00
9.433325560101083695e+00
1.464573221167934758e+00
3.406191448913960418e+00
3.304886997185946473e+00
3.393549544137020035e+00
3.391769572853348791e+00
2.206608340991064399e+00
1.961186035099731217e+00
4.690887584956008993e+00
7.429563018410208386e+00
1.871981904382814532e+00
8.618908219276933735e+00
5.713196343021695434e+00
1.501293894951700070e+00
4.374661997456459339e+00
1.258971686479549046e+00
8.150968711003441669e+00
9.104016617334091066e+00
5.786614123970240442e+00
5.689435433079825799e+00
6.719188857626445355e+00
5.764833621529428243e+00
6.070567204574179421e+00
3.468521471991338867e+00
5.637709872247820719e+00
1.448184654573453578e+00
1.613301304998444152e+00
5.620116491646315993e+00
5.643337339787998452e+00
5.638791171938150271e+00
5.847373620436861152e+00
3.181059948579675556e+00
2.186065564622123425e+00
4.226148436092993954e+00
3.000678578867184587e+00
8.323122742433522347e+00
7.107211617911203483e+00
4.631972004075320726e+00
6.835189132833888515e+00
1.284464459621297516e+00
1.308613317206884119e+00
5.300208501662246441e+00
1.730420417921872955e+00
1.622930208095422433e+00
1.514776329864048421e+00
6.246060226448291175e+00
5.240037117308268044e+00
4.215949212603584684e+00
5.022611315587714564e+00
4.642526498553854353e+00
4.597284223069967979e+00
4.500901996028923158e+00
5.600666624253278769e+00
5.238954370885124945e+00
8.530951858401742527e+00
7.655869883806628806e+00
3.508824251548723350e+00
4.153963561250158421e+00
3.489176340573575175e+00
2.871486675706389935e+00
4.117838613160255790e+00
2.834870591251454019e+00
4.722890460783204070e+00
7.984641731104176188e+00
1.104551155253612293e+01
7.309958373338261595e+00
5.204589643401076771e+00
1.519345922949414618e+00
6.535401554602371377e+00
1.096100763089397079e+00
7.169353475358925643e+00
4.869710384536594994e+00
5.860809573569531139e+00
5.530140753369865436e+00
3.754989157100141917e+00
3.420261526534226881e+00
5.003622888900516763e+00
5.802301543661882555e+00
7.696354119648617598e+00
1.354107117370923596e+01
5.024056799198628909e+00
7.929325102633603350e+00
1.937879479139698935e+00
6.676418534781142000e+00
2.917043998927673965e+00
6.449135095593187650e+00
1.042690964196311354e+00
8.492971426983876526e+00
8.998934230803929069e+00
4.604814950116076666e+00
1.388728629358438882e+00
2.105987512084666591e+01
5.706423114781417283e+00
9.541848104830622290e+00
6.734944670631426433e+00
7.002462609744568134e+00
2.253468864916288172e+00
3.972851417570871568e+00
1.293745366872562697e+00
4.889139755883106453e+00
5.620127740497692592e+00
5.322785524941054724e+00
1.016409148057768874e+01
7.019816464355118413e+00
6.703069463126062111e+00
6.145406455693673387e+00
8.055696708043582621e-01
5.286782978101968844e+00
5.643364782326563578e+00
5.260236477057074644e+00
1.056716201196521254e+01
1.426763728007927057e+00
1.180769802504794130e+00
2.254809357064782471e+00
6.646849055567388476e+00
1.429183893543513717e+00
5.233406340352641628e+00
2.072261361804598856e+00
1.166377274479444948e+00
5.473361060118171473e+00
5.061258464923808376e+00
5.962512990228240106e+00
1.567805600160198987e+00
1.972415390913816458e+00
1.385786952070061240e+01
6.194507241143667464e+00
1.841374127726574716e+00
4.951782288143783184e+00
9.063181843244878522e+00
3.561719652974977279e+00
7.704579888256010811e+00
8.402171918386006411e+00
3.138605226508885959e+00
6.592456846617098520e+00
9.484556808318073351e+00
7.471860624961280450e+00
1.480199822429644652e+00
4.702356354104564318e+00
7.453344819076162864e+00
3.117232143723894566e+00
8.728358789067678813e+00
1.686609052977574130e+00
6.184279906455416587e+00
7.725751609421707577e+00
1.863094070594671336e+01
1.264416389435194610e+01
3.479865832769859058e+00
7.555037722665331579e+00
4.877405540876966761e+00
4.552863522693324505e+00
5.527504881318763275e+00
7.950797265349781817e+00
3.793186563627407359e+00
5.023827774199527418e+00
4.186910489938939328e+00
9.041972418737079797e-01
3.322280648869282871e+00
8.026242432540181326e+00
7.853366592064440432e+00
8.176872642872482499e-01
1.130219164385880992e+00
4.769321995037061335e+00
6.799267181193865639e+00
7.354235605229741957e+00
5.174749188709252934e+00
7.207794464876584151e+00
7.435794130818973890e+00
2.253377602488862319e+00
9.726573416255368087e+00
3.604137681814861605e+00
1.397541880228718059e+00
1.464184758576100531e+00
6.175995819536947096e+00
5.475253787996013699e+00
6.498125586611420701e+00
7.250316399663460309e+00
3.831953001355116406e+00
4.769202746897911460e+00
8.152834243697132166e+00
6.234057016914601235e+00
8.242406182025908024e+00
7.216907506793511118e+00
1.125200914093004911e+01
2.557911313996950931e+00
4.881708128055089801e+00
3.886326174506318232e+00
1.226572862825628274e+00
5.975061082897257236e+00
8.678181141087547346e+00
3.065493348188762734e+00
5.488740071503225515e+00
5.837586636626791226e+00
5.464855179591816103e+00
1.593662539941507195e+00
7.513038264394978683e+00
8.388384209372485856e+00
4.941306653920909397e+00
4.857379828334191352e+00
1.369092360454213342e+00
4.631502724127685156e+00
6.530885218965782002e+00
6.479126097089364045e+00
5.359248847146004913e+00
5.030573620550899960e+00
5.378428383569832327e+00
5.662620957082436846e+00
6.559327760263054863e+00
4.087633254838713093e+00
1.177727121915800801e+01
4.775982721273060783e+00
1.114188494222593251e+00
1.137788166920219446e+00
7.295974675307825841e+00
7.590458043131472543e+00
2.172738710896637393e+00
3.794600024351817869e+00
2.063553647787945700e+00
8.654063390982251747e+00
4.742046605141926108e+00
5.443204740885597026e+00
8.739809775411160331e+00
9.035840880589852020e+00
4.767542811113211876e+00
1.104571382406749791e+00
8.981342541772220356e-01
5.567656989229127440e+00
6.030181267680599255e+00
7.922791409441922283e+00
7.864305389027668181e-01
2.802869262904580161e+00
7.373386801376083710e+00
9.246184425962006515e+00
6.547015662611999964e+00
8.309737671415254212e+00
1.090611423523090018e+01
4.972738874732123726e+00
5.343685666085491448e+00
5.638616935816386011e+00
5.020822809552972998e+00
4.111491217767028417e+00
2.548033004880660979e+00
8.270889107609358248e+00
6.617261202462605851e+00
2.235208145076267527e+00
1.142175984676770506e+00
5.364665125703967696e+00
7.555577432706804153e+00
1.212195836142768490e+00
4.044109300439600041e+00
2.874931868157243109e+00
1.666396020661724986e+00
1.103012011035370943e+00
6.081221035988976453e+00
2.351352776468092820e+00
1.162050737931355604e+00
1.036133666782167895e+00
7.001224920174940358e+00
8.119567068048301195e+00
7.960850985864222906e+00
7.844315463844666603e+00
7.728165787669509790e+00
7.965602711656537771e+00
7.907440255225251846e+00
8.166299406733166677e+00
8.340361541137701451e+00
8.491585051389055394e+00
7.488988780637245490e+00
8.041945616617015347e+00
8.335447390353628805e+00
7.598617744562647935e+00
1.930565791182955460e+00
9.031824664506396871e+00
4.297442535859842927e+00
2.564781971674352956e+00
4.000847960955983496e+00
6.861136017344841243e+00
8.450346528339691687e+00
6.174650178947612034e+00
4.332381638364091181e+00
5.993090768913654109e+00
6.874070811335527331e+00
6.391448180902006726e+00
7.118271416859439427e+00
6.550870206919575445e+00
4.131743968769451492e+00
5.980015282532452403e+00
8.318851117534618922e+00
6.728475962053952486e+00
2.885133802211425014e+00
8.025481249391331673e+00
8.161931607837946245e+00
1.010869283606031566e+01
8.588825573075947517e+00
4.887987514463739025e+00
3.670287635338089771e+00
4.839469062765935803e+00
1.883363107415704008e+00
1.883562377496400986e+00
2.589076908608956451e+00
3.117455351531251750e+00
1.076865267060113140e+01
inf
8.265558839970170268e+00
8.549224409567786509e+00
1.218946461948370974e+00
1.252370257801293185e+00
1.256674737830197675e+00
1.212818287789215965e+00
1.245975673686348095e+00
1.213561637004931359e+00
1.240620367522063283e+00
2.603329062345268063e+00
8.465455531303028636e+00
2.000151651911323825e+00
9.223906162228461270e+00
8.565706007293046653e+00
6.505551740735679545e+00
6.023391155403888142e+00
4.176883981112220035e+00
1.247627757154904149e+00
1.221900711790924188e+00
4.844270193997158636e+00
5.738816010228235065e+00
6.735329579876189854e+00
7.509654306241518640e+00
7.287195793012784861e+00
inf
7.185718925001314261e+00
7.010922012388807190e+00
4.895728758365291533e+00
4.537548880709041832e+00
2.823885672714749884e+00
2.095540404404709456e+00
1.015881035324239257e+01
8.123266365244742104e+00
1.182916843298706944e+01
5.444436083995095821e+00
2.696353563548929966e+00
2.029693485532875208e+00
