7.117687838807397327e+01
5.593638392857143060e+01
4.362936961894132537e+01
4.797335379464286120e+01
4.267359893176020336e+01
4.424129364636479522e+01
4.235904516103316553e+01
4.640467952806122298e+01
4.299235491071429038e+01
9.699160554846937998e+01
7.179087611607141639e+01
7.965843630420917520e+01
5.084548987563774602e+01
4.415565110809949090e+01
4.283437998246172640e+01
7.861017916932398464e+01
4.418029536033162685e+01
9.516558514030612059e+01
8.611796277104592434e+01
6.332317243303572241e+01
5.685451211734694965e+01
5.205480707908162685e+01
4.480415138711733647e+01
9.683781489158164391e+01
7.933528280452806314e+01
5.342234733737244312e+01
6.440541892538266211e+01
7.595942881058672924e+01
4.415010064572703641e+01
4.954640066964285694e+01
1.069191505899234755e+02
7.058299087213011092e+01
7.584803591358418373e+01
4.341517259247449090e+01
6.019345902423469852e+01
6.473628826530612912e+01
6.783095105229591582e+01
9.327363281250001137e+01
4.525846619897959044e+01
4.355844826211734500e+01
4.327137177136479806e+01
5.802026965082908561e+01
4.602300601881377418e+01
6.700807657047194255e+01
1.077269501355229551e+02
4.709120994100764790e+01
4.069966717155612201e+01
4.444584064094387799e+01
7.931051698022959329e+01
6.971407346141582195e+01
4.871069435586734642e+01
4.799929747289540671e+01
6.110277423469388225e+01
9.684847835618623435e+01
7.957427754304845280e+01
8.177462133290816837e+01
7.928965740593113765e+01
6.390050422512756256e+01
4.440563217474489477e+01
4.943877451371173493e+01
9.672209622130102957e+01
8.181122050382653299e+01
4.125115593112244738e+01
7.918663703762754835e+01
5.776917649872449090e+01
6.981224390146682879e+01
4.470592514349490187e+01
6.376138691804847269e+01
4.873353794642856940e+01
4.703492008131377133e+01
4.811093849649234500e+01
5.854914500956633816e+01
4.852843989158162685e+01
6.952598353794641639e+01
4.481667829241071388e+01
5.010059789540817121e+01
8.725407963966834757e+01
6.351209941007653015e+01
7.855014249840562002e+01
4.321138193558673635e+01
4.808145428093111207e+01
7.659346699617347554e+01
5.855494459502550342e+01
6.115455994897958902e+01
5.624451331313775881e+01
4.476045519770408276e+01
1.062589883609693970e+02
5.237542151626276166e+01
8.654488201530611491e+01
4.775437360491070393e+01
4.964325573979591866e+01
7.372843889508928328e+01
9.526109693877552331e+01
4.772979312818877418e+01
5.823437798947703925e+01
4.609453423947704920e+01
4.652728196747449374e+01
4.400552156409439419e+01
5.022133490114795507e+01
1.102273218271683817e+02
1.091003796635842065e+02
4.860704819036990187e+01
7.776221898915817121e+01
8.900393116230867463e+01
7.772493821747448806e+01
7.275579161352040103e+01
6.120115991709182879e+01
7.976696129623725540e+01
5.658249362244897895e+01
8.207032944036990330e+01
6.091242526307396332e+01
7.306568578603317121e+01
7.877046297034436861e+01
5.136635941485970136e+01
4.319995715082908561e+01
5.402845384247449090e+01
4.846471320950255546e+01
1.019615623007015301e+02
5.019515405771683447e+01
1.041453324298469454e+02
5.569278439891580490e+01
4.781239437181122298e+01
8.085764608577805745e+01
5.156478396045919510e+01
7.684478734853317405e+01
5.398237902582907566e+01
5.839006098533162969e+01
6.882387496014032990e+01
8.178594148596940272e+01
7.286675900829081343e+01
7.953203324298469568e+01
5.652725406568877276e+01
4.579862683354591724e+01
4.349473652742346985e+01
4.999950773278060723e+01
7.525117287149234357e+01
5.110526347257653867e+01
5.821106903698979806e+01
4.671543068399235210e+01
4.329796117665816979e+01
4.442621273118622582e+01
4.624108537946428044e+01
6.343521504304847269e+01
4.605204779177295649e+01
7.617770846619897895e+01
5.349960140306122014e+01
8.027311961894132253e+01
6.499966517857141923e+01
6.447203643176018772e+01
7.600762017697704209e+01
6.738450354751276450e+01
6.918399633290816553e+01
7.774765824298468431e+01
4.363951490752550910e+01
6.750388831313775029e+01
6.723802315848215017e+01
8.836588807397960466e+01
1.123402234135841837e+02
5.010265864158164106e+01
4.912781509088010523e+01
4.884595224808673919e+01
4.884075952646683305e+01
9.410949059311225540e+01
8.844891183035716153e+01
8.063893793845662117e+01
9.002629444355866895e+01
4.538440987723213738e+01
4.460930325255101536e+01
4.559687300701530432e+01
4.324136240433674061e+01
9.611410136320152731e+01
1.017499162946428726e+02
1.081510951450892719e+02
9.345450514190052616e+01
7.563656728316327360e+01
7.425114198022959044e+01
7.853449158960459897e+01
9.424332350127551194e+01
5.516582429846938851e+01
9.891641721141580490e+01
4.738722696109694255e+01
4.651377152423468431e+01
7.949797114158164391e+01
5.231475805165815984e+01
8.037198959661989761e+01
7.855208565848212743e+01
9.106527523118623435e+01
4.413065808354591724e+01
4.735157645089286405e+01
4.358046077806122298e+01
5.860265266262754125e+01
5.880233179209183447e+01
8.261178053252552900e+01
8.199780970982142492e+01
6.134844945790816695e+01
9.512661033163264790e+01
5.285295061383929038e+01
6.851513671875001421e+01
5.678060726243622724e+01
7.927167570153061149e+01
1.064571777343749943e+02
1.087529944595025455e+02
4.886530213647959187e+01
4.788064313616071388e+01
4.490517378826530859e+01
4.809182079081632821e+01
6.817332091039540387e+01
7.677828443877551479e+01
5.163743323501275739e+01
5.378203523596939561e+01
7.168307557397959329e+01
7.157877371651785836e+01
5.446468630420918089e+01
6.100636559311224261e+01
9.911057676977040387e+01
4.790274533641580490e+01
4.459991629464285978e+01
4.512991370376274602e+01
4.475958127391582053e+01
4.481647899394133105e+01
6.729636977838011092e+01
4.509023537149234784e+01
4.481452387595663822e+01
5.086871711575254551e+01
4.444927056760204209e+01
4.451028380102040671e+01
4.351683573820153583e+01
5.906100227200255404e+01
6.286088966836733505e+01
4.455876116071428328e+01
4.606333306760203783e+01
4.117894610969388225e+01
5.099016860650510097e+01
4.312144551179846275e+01
9.414410674426019909e+01
5.064823620854591724e+01
5.376003866390306030e+01
4.689048947704081627e+01
3.931738281250000000e+01
4.477313356983418657e+01
4.201425980548469141e+01
5.455522959183673493e+01
4.765998186383928470e+01
4.552063536352041240e+01
4.754951171874999716e+01
1.031636748644770734e+02
6.764473951690050058e+01
4.519967215401785410e+01
4.532688137755101820e+01
4.499600805165816553e+01
4.927213508450255830e+01
7.132935965401786405e+01
5.549285116390306172e+01
5.501684470663266069e+01
7.624002112563775313e+01
6.605716677295917805e+01
5.650942681760204778e+01
5.033147720025510097e+01
5.213422353316326507e+01
4.771213926977041098e+01
6.760148577008928328e+01
8.029540716677296075e+01
4.903509546396684016e+01
4.936912468112244312e+01
7.484883211096938282e+01
7.244134745695153299e+01
4.824544702646684158e+01
9.071789301658164106e+01
5.222230050223213027e+01
5.377957489636479238e+01
6.272180723852041240e+01
5.124083127391581627e+01
7.686584921077806598e+01
4.613461615114795933e+01
7.397462332589286405e+01
7.059136838329081343e+01
5.829870256696428754e+01
9.075833067602040671e+01
5.630355448820152731e+01
9.411514568718112628e+01
5.075237165178572241e+01
6.189255221619897895e+01
4.818221161511479522e+01
4.625949358258928612e+01
4.806877192283162969e+01
5.227959482621173493e+01
5.423826929209184300e+01
6.048560865752551763e+01
4.350567303093112770e+01
8.141939174107145050e+01
7.713343929368622298e+01
4.499946588010204351e+01
7.516437440210458476e+01
5.039108737244897895e+01
5.521393295599489193e+01
5.073191366390305745e+01
5.291614716198980517e+01
6.823477459343112628e+01
6.709150789221939704e+01
5.588587870695153015e+01
8.101196588010203925e+01
8.601276705994897043e+01
4.386067641900510239e+01
7.741395288584183731e+01
4.697932975924744881e+01
4.471866430165816553e+01
8.117562978316325939e+01
4.732628846460458760e+01
1.014093610491071615e+02
4.984751773756377702e+01
1.004902612802933675e+02
7.639559351084184868e+01
8.093692701690051194e+01
7.980398596938775313e+01
4.445784937021683447e+01
9.849208685427295507e+01
4.781743164062500995e+01
4.630622409119898464e+01
4.360958625637755404e+01
4.365766601562499716e+01
5.447089544802296501e+01
8.047807417889029580e+01
5.120377371651785836e+01
5.459672353316325655e+01
6.070968590561225398e+01
4.810416533801019767e+01
4.406373664700255688e+01
5.627779914700256825e+01
4.531601761798469141e+01
4.813643773915816126e+01
9.531798569036990898e+01
8.091926020408163822e+01
8.587225665656887941e+01
4.829863779496173493e+01
4.654741410235969568e+01
8.628078962053569967e+01
5.946817900988520478e+01
4.420444933832908418e+01
7.162773935746172072e+01
7.419456513073978954e+01
7.716644212372450795e+01
4.838176817602040813e+01
5.503089126275510523e+01
4.807277084661990330e+01
4.330755540497448663e+01
4.657017797353315558e+01
4.514908621651785836e+01
5.867752511160714590e+01
6.547674685108418657e+01
5.103078762755102105e+01
5.017074298469387372e+01
5.084984355070152873e+01
6.691806740274233789e+01
5.340302435427296501e+01
6.243359673947703925e+01
9.933945013552296643e+01
9.872937260841838736e+01
1.006316655373086775e+02
7.228909837372449942e+01
5.360542091836735068e+01
5.500405173788264790e+01
8.025365214445153583e+01
4.769374103156887656e+01
4.988407505580356371e+01
5.731184032206633816e+01
4.672752311862244312e+01
4.627686344068877133e+01
8.026725725446428328e+01
7.195520866549745165e+01
6.251560307716837173e+01
5.298409498565051479e+01
7.490646225286988624e+01
5.257305683992345990e+01
6.869990732621172924e+01
5.847448481345664106e+01
6.506918746014029864e+01
6.844603495695153583e+01
6.251497130102040956e+01
5.638838388871174345e+01
6.045574876434947953e+01
8.283141342474490898e+01
4.792607521524234215e+01
4.217891123246173635e+01
4.475290577168367179e+01
6.513431819993623151e+01
5.408060427295917805e+01
8.906199976084181458e+01
8.071038046077805461e+01
7.783866489955356371e+01
1.028119329958545904e+02
9.892308673469386804e+01
4.700720563616070535e+01
6.575409458705357224e+01
9.516940469547193970e+01
9.470888671874999432e+01
4.844977479272959187e+01
4.345260981345663964e+01
4.825048429528062144e+01
5.009198820153061149e+01
6.045544084821428044e+01
8.645318977200255972e+01
4.497175542091836320e+01
8.800851901307399316e+01
8.854770806760203072e+01
6.745608956473213880e+01
6.655788624043368884e+01
5.250363520408163964e+01
5.163199039381377276e+01
5.948521006058673777e+01
4.491353635204082195e+01
6.052065130739796217e+01
7.897537069515306030e+01
5.115274633290816553e+01
4.720649414062499716e+01
5.252541055484694255e+01
7.941221201371173777e+01
7.931862344547192833e+01
4.800794403698979806e+01
4.976120356345662543e+01
4.593105668048470136e+01
4.947379225127550484e+01
4.628462013711734357e+01
6.797807816485969568e+01
7.441590601084185153e+01
7.736079101562501137e+01
9.411357023278063139e+01
9.786552834024233505e+01
8.931857760682399316e+01
4.737130998883928612e+01
7.120046835140306030e+01
4.843054249043367321e+01
4.867353515624999716e+01
6.950813038105867747e+01
4.219412866709183163e+01
5.980028499681122867e+01
5.923802415497448237e+01
4.478584482621173635e+01
7.579328862404337031e+01
5.302738062021683163e+01
8.818489118303571672e+01
4.858547213807398180e+01
4.434565230389030432e+01
5.614481624681123151e+01
7.596949736926021046e+01
7.796312280771684300e+01
4.270877012914540671e+01
4.578867287149235210e+01
4.361890146683673208e+01
5.997894411670917947e+01
3.947554408482142208e+01
5.973430325255102247e+01
6.484477339764029580e+01
8.075851203762755404e+01
5.574208286830357650e+01
4.152684151785715017e+01
3.842386997767856371e+01
5.202003148915817121e+01
8.256320352359692549e+01
4.604461395886479380e+01
4.490325554049745449e+01
5.034550382653061718e+01
4.484492685746173635e+01
6.664912308673468999e+01
8.090812739158164391e+01
1.055976223692601934e+02
5.170592912946428754e+01
7.556995475924743744e+01
6.740077527104593003e+01
7.739928451849490898e+01
4.600678113042091866e+01
4.598329978475765500e+01
4.932439014668367605e+01
4.628364058514030432e+01
1.046811822385204351e+02
5.276896524234693686e+01
1.145821069834183845e+02
4.498136160714285836e+01
3.931738281250000000e+01
4.559456911670918799e+01
5.725973573022959329e+01
6.900865154655613765e+01
8.119968510841837883e+01
4.422082967952805888e+01
5.175354452327805888e+01
4.638320212850764790e+01
5.282231445312500995e+01
3.931738281250000000e+01
5.163035315688775029e+01
4.421284677933674345e+01
4.808579300860969141e+01
4.294578085140305745e+01
5.412114457110969568e+01
7.637066625478317405e+01
5.903119519292091866e+01
7.333200334821428612e+01
6.988224848533164391e+01
4.526305903220664106e+01
4.943209901147959329e+01
4.545048230229592434e+01
4.584379384566325655e+01
5.760609654017856940e+01
4.559884805484693970e+01
4.787879165338010523e+01
5.370018235809948237e+01
6.151577746332908703e+01
7.165108219068876849e+01
7.252681062659438282e+01
7.101672114158162685e+01
8.838327387595663254e+01
8.871824776785715017e+01
4.466233458227041098e+01
4.402690429687500284e+01
4.887250478316326507e+01
7.631265644929848690e+01
4.377625558035714448e+01
5.032843989158163112e+01
4.538691505899234357e+01
4.918174326371173066e+01
4.484994419642856656e+01
4.657982003348214306e+01
4.628203822544642776e+01
5.335676917251275597e+01
4.642470005580356940e+01
5.298935945471938425e+01
4.500945471938776166e+01
8.013081851881376849e+01
4.384823122608418089e+01
7.253909339126275313e+01
4.481482680963010523e+01
4.495069854113520336e+01
4.460111906090561718e+01
3.931738281250000000e+01
4.679178989955356371e+01
5.256239736128826223e+01
4.577930783641581769e+01
5.335091477997449516e+01
5.044387256855867463e+01
4.876151247608417805e+01
4.875160534917091582e+01
4.815427993463009670e+01
4.866674306441326792e+01
5.247554807079080774e+01
4.395957429846939135e+01
5.191281688456632537e+01
4.859579280931122014e+01
4.964370017538264790e+01
5.093896384725766069e+01
4.739005799585458334e+01
4.774999103156888225e+01
4.503790955835459187e+01
6.838684231505102673e+01
7.206077307876275029e+01
8.141970364317602105e+01
4.615579261001276024e+01
5.626451291454080916e+01
5.657008231026786405e+01
4.875586435746173208e+01
6.455153459821428896e+01
5.321990792410714732e+01
9.073346520248723834e+01
8.838473573022960750e+01
8.761329221141582480e+01
8.706505799585457339e+01
5.480289879623724403e+01
5.017989377391582195e+01
5.027622767857143060e+01
5.027734773596937856e+01
4.988005520567601536e+01
7.335238859215562002e+01
4.574265585140306456e+01
6.496849390146684300e+01
7.553696289062500568e+01
9.037424764827805745e+01
5.432821966677296643e+01
5.436276805644133958e+01
7.809487503985970136e+01
4.376509785554846843e+01
6.135381955516582053e+01
6.045429687499999716e+01
4.743264608577806740e+01
5.781706393494897611e+01
7.884258211096940272e+01
4.930550263073979522e+01
4.934492287149234357e+01
8.333816964285713880e+01
5.148583286830357508e+01
4.497975725446429607e+01
5.089782665019132679e+01
4.437017498405612059e+01
1.006709871253188737e+02
7.347232142857143344e+01
7.351002172353317121e+01
5.329980568399234642e+01
6.603074976084184300e+01
4.557694814253826365e+01
1.000244509327168316e+02
4.606034857302295649e+01
6.899620834661990898e+01
4.487901187818877702e+01
7.774436981823978954e+01
5.308217773437500142e+01
4.303332469706632679e+01
6.848630819515305745e+01
7.144609972895408134e+01
6.674198321906888509e+01
5.573317920918367463e+01
6.479116111288264790e+01
6.807852459343112628e+01
4.954153679049745307e+01
7.394808972417092718e+01
5.806575952646684158e+01
4.901168287627550768e+01
4.897985092474489477e+01
8.709476442920917805e+01
3.931738281250000000e+01
3.931738281250000000e+01
4.548041792889030432e+01
4.459313815369897327e+01
5.477701789700255119e+01
5.493180803571429038e+01
4.510634665975764790e+01
4.442803132971938851e+01
5.310051419005102247e+01
4.379335140306123009e+01
4.523472676179846275e+01
4.385154655612244312e+01
8.428339146205357224e+01
4.866150849011479806e+01
3.931738281250000000e+01
4.295237862723214306e+01
4.342690529336734784e+01
4.348353296396683731e+01
4.358445471938775029e+01
5.116470523756377276e+01
7.077994658801019057e+01
6.737671297034437146e+01
6.241945551658163538e+01
6.108285534917090587e+01
6.114674944196428896e+01
6.168524792729591866e+01
6.156256078603316695e+01
6.228263811383929038e+01
4.619199218750000568e+01
5.967538763552296643e+01
6.667262336575254267e+01
5.784804288903061575e+01
5.990628886320153157e+01
6.140173290019132679e+01
6.072445691167091297e+01
6.091452686543367179e+01
7.112818877551021046e+01
5.030639748086734642e+01
6.733855727838009386e+01
4.826778340242346133e+01
5.082671795280612770e+01
4.429089305644132679e+01
5.447515345982142065e+01
5.303326391103315984e+01
8.128523895886479522e+01
4.918229233099490472e+01
7.117520228794640502e+01
5.391796177455356798e+01
8.083456831951529864e+01
8.239649932238521046e+01
1.069412258848851991e+02
1.012659558354591809e+02
1.040333695392219227e+02
4.676647600446428044e+01
4.744648836096938282e+01
4.792969646843112486e+01
4.865631676498724545e+01
5.056253288424745307e+01
4.718874063297194255e+01
4.462596061862245023e+01
9.520145587531887088e+01
9.815061284279336462e+01
9.802360092474489761e+01
9.354007593271683163e+01
8.118008310746174061e+01
5.319253228635203357e+01
7.058730568399234073e+01
9.330060088488519909e+01
9.418357382015307167e+01
9.664573301977041808e+01
5.022870894451530432e+01
8.578204918686223834e+01
6.535066266741071672e+01
4.752762675382653157e+01
5.233211495535715585e+01
4.904356265943876991e+01
5.181991489955358077e+01
8.889068180006377418e+01
4.515388731664540956e+01
4.657425063775509955e+01
5.382031947544644623e+01
5.093092414700254267e+01
4.771834442761479522e+01
6.956841816804846701e+01
5.053330177774235210e+01
6.572046297034439988e+01
5.139553671077806030e+01
7.061031070631378270e+01
7.130696348852042377e+01
5.069147700095663112e+01
4.461265545280612344e+01
8.059079739317601820e+01
5.053469088807398180e+01
5.109388253348214448e+01
6.768823341836733221e+01
4.945714086415816269e+01
7.726768176020408418e+01
7.421812719228316269e+01
5.710077228156886520e+01
8.008847158003825939e+01
5.258770228794642065e+01
5.271427873883927617e+01
5.556793586575254551e+01
5.480936005261480659e+01
5.170557936065051763e+01
7.447869499362245449e+01
4.755792311065051337e+01
4.788434909119898464e+01
7.457234733737244881e+01
7.692461435746173493e+01
5.546046217315050342e+01
4.669043666294643202e+01
6.645303930165815132e+01
5.282605628188775881e+01
7.400659976881377133e+01
5.269069475446427475e+01
5.657004544005102531e+01
5.555309111926020194e+01
5.403935447225764932e+01
7.650832768654335325e+01
7.930719467474490614e+01
7.379624123086735210e+01
9.984687500000001137e+01
7.628595643335458476e+01
6.681388711734693686e+01
5.067774135044642492e+01
5.366638034119897327e+01
5.710266462053571246e+01
5.319579380580357508e+01
7.276401367187499147e+01
8.487803431919644481e+01
6.148923987563775029e+01
5.716251694036989051e+01
4.784403898278061718e+01
6.631399075255102105e+01
5.492777822066326365e+01
8.896439134247448521e+01
7.372707868303571388e+01
5.242057557397960466e+01
5.602192283163265074e+01
7.489680026307397043e+01
7.847353615274235494e+01
6.890986627072705062e+01
4.447634028220662827e+01
4.949958645567601678e+01
7.087689134247449374e+01
4.688472676179846133e+01
6.175528439891581911e+01
4.605221619897959329e+01
4.963245376275510523e+01
4.971828164859694255e+01
8.271388213488521046e+01
5.934761639030612201e+01
5.836080098054846843e+01
4.876680683992346133e+01
4.912734474649234073e+01
4.860313197544643060e+01
6.890024713010204493e+01
5.190797692123724261e+01
6.377555504623724403e+01
4.357578324298468431e+01
4.369793227838009386e+01
5.086943757971939561e+01
7.384756656568876565e+01
7.260587133290817974e+01
5.682519630899234642e+01
5.358258629623723834e+01
5.573186284279336178e+01
8.127741948341835609e+01
5.077657944036989335e+01
5.070480707908162543e+01
5.066425880899233647e+01
5.096169184470663538e+01
6.981493941326530717e+01
7.478813277264031001e+01
5.381221599968112201e+01
4.665914182079082195e+01
6.766598274075253983e+01
4.954468371332908561e+01
4.743745715082908276e+01
6.707707669005102957e+01
5.238343530771684442e+01
7.479768913424744881e+01
5.901010243941326650e+01
7.565299645248724403e+01
5.730927734374999716e+01
4.983317920918368316e+01
4.615206074617346133e+01
5.170617327008928754e+01
4.790119878029336320e+01
5.698806401466837457e+01
5.175371392697703499e+01
8.165476422991072525e+01
8.406227180325254267e+01
5.216569375797193686e+01
5.202680066167091866e+01
5.236289162149235210e+01
7.735281907684949942e+01
5.803792051977040956e+01
8.211813616071428612e+01
5.121207449776785836e+01
6.535501833545917805e+01
4.584538823341836888e+01
4.609959741709182879e+01
5.439459004304845990e+01
4.473959960937499858e+01
8.340623704559951079e+01
8.055653300382654436e+01
4.901888452646683447e+01
6.905635164221939704e+01
7.231149952168367179e+01
5.971980528539540956e+01
4.828580994897959044e+01
5.173846360809950795e+01
5.305924744897959044e+01
5.285188237404337031e+01
5.520129544005101252e+01
5.175823501275509386e+01
5.210959821428571104e+01
8.671831752232144197e+01
4.808252949617347127e+01
5.616078404017857650e+01
6.013147022480867321e+01
5.413483338647959897e+01
5.305014249840561291e+01
4.898991549744897611e+01
8.140333525988521046e+01
5.979216956313776166e+01
8.127860431281888509e+01
4.791043726084183874e+01
4.635623903858417805e+01
8.037349728954082195e+01
5.477320432079081769e+01
4.805285794005101963e+01
7.955973473373725824e+01
4.715835259885204067e+01
8.050155452806122014e+01
7.683304169323979238e+01
5.709815748565051763e+01
7.777141063456633674e+01
6.028622249681122724e+01
8.798143634406886804e+01
5.965470742984693686e+01
5.094999701052295649e+01
4.653180205676019909e+01
6.522773736447703641e+01
4.898102080676020620e+01
5.481862244897958902e+01
6.821824178890305745e+01
8.083652941645408418e+01
4.757066924426020194e+01
5.805273836096938567e+01
4.938736746651785836e+01
9.784955855389031854e+01
5.189020248724489193e+01
4.447351223692601963e+01
6.664602399553569967e+01
8.035522560586734642e+01
4.176190808354591866e+01
7.655989516900510239e+01
4.385268853635204067e+01
4.608550402582908134e+01
7.791852877869897043e+01
7.819790636957907282e+01
6.350480110012755119e+01
9.384386858258928044e+01
6.234456014827804893e+01
4.904353575414540956e+01
4.941452487244897895e+01
4.929055325255102105e+01
8.425487982302294654e+01
8.063599430006377133e+01
6.371935885682397327e+01
8.239788743622450795e+01
4.643153001434949090e+01
4.669881118463009528e+01
5.880355149872448095e+01
4.511678591358418089e+01
8.076780034279337883e+01
8.029063795440052331e+01
7.934670659279336746e+01
4.789089604591836036e+01
6.442635024713010239e+01
5.276764588647959187e+01
5.653370635363521757e+01
7.968891501913265074e+01
4.740954141422193402e+01
5.005577268016581627e+01
4.613866988201530006e+01
7.916543865593111207e+01
7.627542251275509955e+01
4.192285355548469283e+01
5.953804807079082195e+01
7.774232999840562286e+01
5.110914082429847127e+01
8.141189114317600684e+01
5.016256576849489335e+01
7.139092793367348122e+01
8.524853216677296075e+01
5.898947803730867179e+01
7.777168068399234357e+01
6.868277861926020478e+01
7.962594068877550058e+01
7.903899972098214732e+01
5.128295001594388225e+01
7.744451929209182595e+01
5.477504085618623009e+01
6.523218371332907850e+01
7.152576530612245165e+01
6.448581393494897895e+01
7.776976941167092150e+01
7.889203304368622582e+01
5.029589046556121446e+01
5.645986128826531569e+01
4.553411491549745449e+01
6.630580955038266211e+01
4.900168606505101820e+01
5.325212252869897611e+01
6.982173349808672924e+01
5.755870236766581627e+01
5.204852419483419368e+01
4.807189492984694112e+01
8.472350924744898748e+01
6.847062041613519057e+01
8.308690808354592150e+01
8.521050402582909555e+01
8.212089245854592434e+01
1.094577646683673322e+02
6.810063277264029580e+01
4.717457051179847127e+01
4.628186084980866610e+01
8.967384008290817121e+01
6.180921855070153015e+01
4.480564712213009670e+01
8.106488759566326507e+01
4.325387436224490045e+01
4.370021324936224261e+01
5.314530353156887799e+01
5.674032405931122724e+01
4.753993443080356940e+01
4.569843550701530432e+01
4.613740533322703641e+01
6.582102897799745733e+01
5.257618881536988908e+01
5.090611447704081627e+01
4.553642478475765643e+01
5.239002012914541240e+01
4.606991290656888083e+01
4.734888891103317121e+01
4.384867167570153157e+01
6.341078204719386946e+01
5.756539281728315416e+01
7.380161631058673777e+01
6.132556800063774460e+01
7.971005859375000568e+01
4.616541573660714448e+01
5.385195412149234784e+01
5.809998106664541240e+01
6.262981903698979380e+01
5.865802275988520620e+01
7.519281827965559728e+01
5.448834901147959187e+01
7.199570611447703072e+01
5.001655572385204351e+01
5.217787986288264790e+01
7.652429249043368031e+01
5.216763791454081911e+01
4.639971898915815984e+01
4.563881437340561575e+01
4.858197444993621872e+01
4.953524693080357366e+01
4.833724788743622014e+01
5.143490712691326650e+01
4.732591876594388225e+01
7.156344367825253983e+01
8.288416573660711606e+01
5.291829559948979522e+01
1.075165128746811263e+02
1.016037647480867179e+02
6.078743821747449516e+01
8.599812460140306314e+01
4.405040058992346985e+01
8.101200972576531001e+01
4.550494858099489193e+01
4.780784638073979664e+01
4.981058972417092434e+01
6.073868183992347980e+01
5.241595284598214732e+01
6.812633828922194823e+01
4.880384745695153015e+01
8.024652124521682595e+01
7.984027722417093287e+01
4.547201650191326650e+01
5.037747927295917805e+01
4.410504324776785268e+01
8.020117785395407850e+01
4.944100366709183447e+01
5.058830516581633674e+01
4.389073760363520194e+01
6.609193937340560865e+01
5.820268753985969568e+01
4.827283860809949090e+01
4.777982302295917805e+01
5.213398337850765074e+01
4.786457868303572383e+01
4.841247110172193402e+01
7.290888472576530432e+01
6.548701769770408987e+01
5.607315848214285836e+01
8.721669722576530148e+01
7.955285295758929465e+01
7.056425581951531001e+01
4.480718371332908134e+01
4.564518096301020478e+01
7.683317920918366895e+01
8.016791493941326507e+01
7.186019312021684868e+01
5.342772839604591439e+01
5.543520806760204778e+01
6.795105229591835894e+01
7.987126514668366895e+01
7.586815808354590729e+01
9.077258848852041240e+01
4.974126275510204209e+01
4.674220842633928186e+01
4.697102100605867747e+01
4.721680883290816411e+01
4.752267916932397895e+01
4.718101283482143060e+01
4.735576769770408134e+01
4.667825454400510665e+01
4.621904296875000284e+01
4.610976562500000853e+01
4.769740413743623009e+01
4.673990154655613338e+01
4.654933434311224971e+01
4.685203782684948237e+01
5.785646324936224261e+01
5.777049485809948237e+01
8.942831632653060581e+01
6.619977180325255972e+01
6.606463847257653299e+01
4.737218291613520194e+01
8.588436204559948806e+01
5.413460618622448095e+01
6.954912408322704209e+01
5.265293965242346985e+01
6.056246512276784699e+01
4.857463428730867605e+01
5.518781190210459187e+01
4.394927654655611349e+01
6.871979532047194539e+01
4.650417430644132111e+01
6.155890565210459187e+01
4.736874402104591297e+01
5.937096320950255546e+01
4.703082449776785268e+01
4.935913982780611775e+01
4.344946687659438567e+01
5.928194654815050768e+01
4.853667191485969568e+01
4.945663265306122014e+01
5.553684729751275739e+01
7.790835758131376565e+01
7.276768973214284131e+01
8.060542191485968999e+01
6.527233637595662685e+01
6.914444455516583332e+01
3.931738281250000000e+01
4.747412607621173208e+01
5.582154217155611775e+01
1.004030980947066354e+02
8.142946029974488908e+01
9.946681481186224971e+01
9.610258689413265643e+01
9.891553132971938567e+01
9.974449736926021615e+01
9.943867187499998295e+01
7.786704998405613765e+01
4.645689174107143060e+01
7.476083187181122014e+01
4.906264249840560865e+01
5.321299426020408418e+01
6.116388711734693828e+01
4.703983777104592434e+01
5.283201032366072525e+01
9.950553152901784415e+01
6.268937141262754409e+01
5.148291513871173208e+01
4.831915856186225255e+01
6.296943857621174345e+01
5.213822943239796359e+01
5.799730448820152873e+01
3.931738281250000000e+01
5.470388632015306030e+01
6.355653300382651594e+01
8.050026407047194255e+01
6.053461415816326507e+01
5.812029057716836178e+01
7.893520109215560865e+01
5.397045001594388225e+01
6.182302594866072099e+01
7.369658103475764221e+01
5.227918327487244454e+01
4.798419762436223834e+01
8.019999302455356371e+01
