2.005931712962962833e-03
1.168789785879629645e-01
2.500000000000000000e-01
5.169186439043210041e-02
5.427276234567901536e-03
4.759837962962962937e-02
4.938271604938271504e-03
2.605251736111111049e-02
3.260995370370370263e-03
3.177951388888888840e-02
1.793161651234568069e-02
1.963153452932098753e-01
2.468581211419753133e-02
1.348849826388888971e-02
3.704861111111110855e-02
6.907190393518518670e-03
4.476273148148147973e-02
1.969895351080246798e-02
3.324568383487654100e-02
2.158926504629629650e-02
6.382860725308642236e-02
6.055290316358024477e-02
4.525221836419753181e-03
2.340253665123456783e-02
2.827208719135802665e-04
2.305459104938271594e-02
7.421513310185184897e-02
5.899281442901234927e-03
1.434992283950617224e-02
1.250000000000000026e-03
2.124565972222222134e-03
1.947193287037037035e-02
3.267963927469135638e-02
8.769048996913580973e-03
1.034891010802469202e-01
3.281430844907407690e-02
6.038242669753086239e-02
2.396797839506172902e-03
7.105999228395061540e-03
4.968701774691357959e-02
3.896315586419753230e-02
4.606770833333333204e-02
1.760223765432098603e-02
4.310980902777777728e-03
1.170464409722222210e-01
1.676408179012345637e-02
8.459828317901234296e-02
3.115547839506172673e-02
1.279658564814814894e-02
9.719810956790123427e-03
1.943359374999999861e-02
1.736328125000000111e-02
3.359085648148148195e-02
3.159722222222222186e-03
3.708550347222222543e-02
1.707465277777777887e-02
4.177276234567901293e-03
1.936246141975308740e-02
4.480396412037036813e-02
9.274932484567901050e-03
1.912133487654320892e-04
1.023654513888888964e-02
2.065972222222222168e-02
1.932195216049382644e-02
5.210431134259259356e-02
8.620273919753085670e-03
6.317997685185185175e-03
4.529562114197530770e-02
4.485821759259259189e-02
5.865234375000000222e-02
7.330246913580246507e-03
2.169753086419753257e-02
7.434244791666666519e-02
4.055748456790123600e-03
5.970052083333333287e-03
3.844907407407407302e-02
3.872492283950617308e-03
3.017795138888888784e-02
6.207802854938271331e-03
1.859447337962963007e-02
4.210913387345679125e-03
6.777102623456790487e-02
1.169873649691357959e-01
1.232696759259259284e-01
1.169943576388888934e-01
1.648775077160493860e-02
5.732180748456790383e-03
9.604914158950617412e-03
1.515624999999999958e-02
3.359652295524691301e-02
4.499421296296296502e-02
5.519856770833333343e-02
2.151126060956790043e-02
1.096426504629629574e-02
6.160180362654320979e-03
1.685546875000000153e-02
1.748288001543209930e-02
1.682629243827160614e-02
6.108723958333333454e-02
4.950810185185184828e-03
1.464554398148148161e-02
4.909878954475308671e-02
3.705692997685185175e-02
4.362702546296295947e-03
1.611593364197530867e-02
3.871744791666666824e-02
3.442201967592592622e-03
2.084538966049382779e-03
1.141493055555555490e-02
8.890094521604937489e-03
5.485544463734567944e-02
3.807508680555555386e-02
4.426311728395061762e-02
3.600742669753086416e-03
5.174334490740740630e-03
5.081886574074073737e-02
5.611014660493827272e-04
2.085889274691358000e-02
2.350489486882716139e-02
1.232590663580246902e-02
1.520833333333333412e-02
4.962384259259259049e-04
1.278211805555555655e-03
3.263864776234567944e-02
1.055844907407407426e-02
5.522521219135802240e-02
1.795126832561728253e-02
1.120635609567901224e-02
1.662011718749999978e-01
4.566912615740740394e-02
4.126639660493826821e-03
3.496383101851852082e-02
1.793619791666666670e-03
4.930664062500000194e-02
2.690972222222222203e-04
4.214409722222222515e-02
2.334997106481481455e-01
5.123263888888889006e-02
6.253616898148147904e-03
2.264853395061728475e-02
2.381582754629629761e-02
1.623939043209876587e-02
9.766589506172838886e-03
2.262948495370370461e-02
5.896749614197530466e-04
2.609592013888888812e-02
2.131860050154320979e-02
1.024645543981481527e-01
8.529489776234567416e-03
1.172309027777777846e-02
9.217303240740741185e-03
9.586588541666666435e-03
1.567382812500000069e-02
9.198977623456790209e-03
2.832248263888888923e-02
5.891637731481481205e-02
1.188609182098765427e-02
1.586311246141975176e-02
9.615523726851852096e-03
4.522014853395061457e-02
4.882812500000000000e-02
5.489209587191357792e-02
1.179012345679012266e-02
1.610315393518518476e-02
1.839470003858024658e-02
2.911603009259259092e-02
4.683159722222222238e-02
4.748987268518518184e-02
4.746190200617284027e-02
1.322554976851851929e-02
6.815586419753086322e-02
6.640914351851852360e-02
5.772569444444444753e-02
6.453342013888889450e-02
6.729311342592592116e-02
6.321843653549383268e-02
7.469569830246913789e-02
7.240186149691357764e-02
6.519965277777778345e-02
3.584309895833333315e-02
4.271797839506173006e-02
2.804566936728395202e-02
1.095679012345679090e-02
5.649884259259259356e-02
1.076919367283950615e-02
4.189332561728394827e-02
1.103298611111111147e-02
4.478563850308642236e-02
2.217399691358024755e-02
8.189453124999999944e-02
1.433268229166666588e-02
8.596161265432098342e-04
2.171645929783950699e-02
3.202642746913580366e-03
1.199242862654320910e-02
3.534915123456789949e-03
4.980468750000000000e-02
3.886959876543209704e-03
7.698567708333333738e-03
2.872275270061728364e-02
5.250289351851851471e-03
5.779803240740740734e-03
3.750325520833333592e-02
1.745768229166666519e-02
5.954499421296296710e-03
9.667004243827159726e-03
2.485894097222222238e-02
4.265046296296296294e-03
2.337191358024691412e-02
4.755618248456790209e-02
2.777777777777777884e-03
4.872829861111110938e-02
1.159095293209876504e-01
5.037639853395061568e-02
4.603202160493827244e-02
6.661277488425926263e-02
7.775245949074073570e-02
6.512056327160493929e-02
7.263093171296296224e-02
7.034143518518518046e-02
5.712878568672839774e-02
6.675335165895061873e-02
6.712625385802468980e-02
1.461467978395061731e-03
8.030201099537037646e-02
8.270254629629629484e-02
2.986979166666666602e-02
4.991319444444444059e-03
2.402584876543209687e-03
3.063585069444444559e-02
2.800202546296296294e-02
4.012188946759259051e-02
4.697627314814815068e-03
4.901620370370370419e-03
2.896050347222222168e-02
1.822916666666666750e-04
1.697120949074074070e-02
5.671296296296296675e-04
9.283371913580247211e-06
6.570650077160493374e-02
1.785445601851851777e-02
5.363377700617283708e-03
4.342447916666666852e-02
4.082151813271604583e-03
1.615065586419752982e-03
8.393012152777778317e-03
4.529803240740740838e-02
5.859375000000000000e-02
5.850694444444444475e-02
6.330934124228394799e-02
2.005208333333333495e-02
6.915268132716049544e-03
2.115571952160493971e-02
1.076051311728395098e-02
3.618344907407407361e-03
1.994791666666666588e-02
3.659456983024691329e-03
4.103491512345678813e-03
4.896315586419753424e-02
1.454583815586419672e-02
6.131148726851851777e-02
1.236979166666666771e-04
4.451473283179012419e-02
1.751302083333333356e-02
4.709201388888888855e-04
5.109471450617283916e-03
6.755642361111111049e-02
9.409963348765431820e-03
2.921862943672839594e-02
3.285951967592592310e-02
1.246756847993827147e-02
8.023280767746913955e-02
3.632812500000000191e-03
5.594159915123456811e-02
1.104938271604938294e-02
4.191297743055555358e-02
1.774209104938271470e-02
2.008873456790123344e-02
1.309377411265432063e-02
2.849320023148148306e-02
1.281298225308642041e-02
5.275390625000000305e-02
3.381510416666666519e-02
2.693274980709876518e-02
4.032310956790123579e-02
9.002459490740740561e-03
2.353732638888889062e-02
2.099609375000000000e-02
4.721257716049382519e-02
5.290509259259259384e-02
2.256944444444444406e-02
3.916521990740740727e-02
2.373046875000000156e-03
9.007282021604938026e-04
1.256317515432098762e-02
3.711130401234567777e-02
7.160590277777777179e-02
6.380208333333333218e-03
4.895109953703703602e-03
8.607566550925925541e-02
4.494454089506173117e-02
4.527440200617283833e-02
1.633029513888888942e-03
3.231879340277777485e-02
7.175925925925925875e-04
4.979311342592592643e-02
5.514684606481481087e-03
4.836226851851851971e-02
2.968979070216049357e-02
3.937656732253086433e-02
5.231481481481481052e-03
1.040675636574074081e-01
8.268831983024690913e-02
9.072699652777778401e-02
5.235821759259259162e-02
1.626398533950617134e-02
1.109423225308641976e-03
8.248939043209876920e-03
1.107747395833333370e-01
1.096307146990740805e-01
1.216270013503086417e-01
1.903935185185185158e-03
1.367199556327160573e-02
9.304711612654321604e-03
8.504014756944444642e-02
1.914882330246913539e-02
2.143012152777777971e-03
3.012152777777777832e-02
6.191647376543209583e-03
2.700557002314814964e-02
1.559968171296296276e-03
2.337721836419752973e-03
8.235194830246914122e-03
1.409625771604938217e-03
2.240668402777777624e-02
3.777777777777777818e-02
2.103973765432098908e-02
7.964409722222221683e-03
1.399739583333333391e-02
5.568696952160493395e-03
9.775752314814814548e-02
1.230348186728395105e-02
2.041015624999999861e-02
3.078317901234567736e-02
2.262731481481481538e-02
1.064284336419753056e-02
8.004436728395061471e-03
6.031177662037036716e-03
5.582899305555555358e-02
6.864872685185185661e-04
5.129967206790123253e-03
4.841579861111110737e-03
2.922694830246913567e-02
3.549382716049382779e-03
6.564429012345679264e-03
1.072157118055555580e-02
7.054398148148148182e-03
2.022665895061728433e-02
1.814236111111111258e-02
1.275535300925925881e-02
1.848958333333333356e-02
5.788411458333333343e-02
7.086371527777778068e-02
3.673177083333333676e-02
6.505425347222222598e-02
3.741138599537036785e-02
1.044067081404320974e-01
2.382571373456790226e-03
3.500000000000000333e-02
8.720582561728395729e-03
3.763744212962962660e-02
2.395833333333333495e-02
5.243851273148147918e-02
7.406756365740740922e-02
1.623312114197530964e-02
1.389093846450617231e-01
1.885308159722222376e-02
1.351154996141975262e-01
9.707031249999999514e-03
5.585286458333333509e-02
1.552798273533950724e-01
9.182098765432099297e-03
3.523039641203703359e-02
2.741970486111111258e-02
1.029441550925925923e-02
3.143084490740740561e-03
6.075906635802469542e-03
1.552372685185185279e-03
4.208948206018518767e-02
5.738811728395062060e-03
6.951678240740740908e-03
8.173948688271604965e-03
4.343906732253086100e-02
2.524739583333333176e-02
2.457947530864197649e-02
1.065779320987654332e-04
1.677083333333333204e-02
1.304494598765431994e-03
2.734495563271605121e-03
4.856047453703703567e-03
2.289243344907407329e-02
4.974344135802469258e-02
7.555097415123456644e-03
5.003255208333333079e-03
6.635416666666667240e-02
3.771556712962963187e-02
5.819299768518518268e-02
5.232566550925926013e-02
7.528452932098765073e-03
1.536639178240740804e-02
6.197916666666666678e-03
1.207031249999999944e-02
4.836660879629629817e-02
6.816767939814814999e-03
2.005899160879629495e-01
1.745220871913580329e-01
2.022094425154321029e-01
7.378472222222222029e-03
9.830403645833332704e-02
4.910783179012345734e-02
8.275462962962963631e-03
1.643566743827160406e-02
1.005029899691358003e-01
1.295187114197530846e-02
1.134693287037037007e-02
5.899414062499999667e-02
3.939465181327160559e-02
5.625723379629629824e-03
1.582272376543209999e-02
9.677083333333333370e-02
4.879677854938271886e-02
4.936487268518518351e-02
9.153404706790123357e-02
6.148726851851852053e-04
1.262635030864197455e-02
1.390432098765432070e-02
2.361689814814814728e-02
5.501543209876543460e-03
4.222608024691358423e-03
5.484664351851851680e-03
6.155225212191357820e-02
3.443684895833333537e-02
5.206018518518518851e-02
2.182436342592592587e-02
8.754099151234567833e-04
1.985684317129629561e-01
1.391601562500000000e-02
8.951316550925926541e-02
4.578510802469135804e-02
4.269422743055555775e-02
4.930555555555555386e-02
5.883969907407407204e-03
1.863425925925925927e-03
2.985869984567901189e-02
2.873746141975308532e-02
1.272730999228394999e-01
2.794053819444444406e-02
7.222463348765431612e-02
4.753086419753086572e-03
1.174768518518518566e-02
4.188729745370370350e-02
1.799804687499999972e-02
3.819806134259259162e-02
3.528874903549382436e-02
1.650366512345679063e-02
3.580295138888888590e-02
1.595799575617283875e-02
2.050781250000000087e-03
2.073266300154320840e-02
4.024884259259259300e-03
8.717447916666665880e-03
4.284915123456790181e-02
6.027560763888888812e-02
1.438934702932098686e-02
3.667100694444444531e-02
5.664038387345678854e-02
5.748456790123456341e-04
9.874131944444444330e-05
4.362654320987654349e-02
1.629231770833333356e-02
8.992332175925925319e-03
6.930700231481481954e-02
1.809895833333333278e-03
1.168258101851851830e-04
9.549816743827160490e-04
5.476586612654320806e-03
1.097125771604938353e-05
1.713204089506172728e-04
1.027922453703703637e-03
7.265142746913580288e-04
1.501736111111111023e-03
4.890046296296295981e-04
8.013237847222222376e-03
4.926372010030864029e-02
1.051909722222222204e-01
5.643084490740741047e-03
6.514937789351851749e-02
2.500482253086419929e-03
6.416666666666666352e-02
6.087962962962963076e-02
2.125289351851851818e-02
3.229335455246913622e-02
1.159649884259259314e-02
5.451871141975308394e-02
3.250578703703703443e-02
4.553626543209876587e-02
8.952546296296296988e-03
2.704089506172839552e-02
2.025462962962962905e-05
6.603129822530863849e-03
9.082272376543210415e-03
1.289134837962963021e-02
1.650294174382715973e-02
1.624095775462962993e-02
1.701388888888888786e-03
7.063802083333333391e-03
1.552854938271604939e-03
6.223476080246913636e-03
1.201171874999999983e-03
2.733410493827160507e-03
3.259066358024691190e-03
5.803674768518518774e-03
9.924768518518518098e-04
5.018325617283950213e-03
4.877989969135802318e-04
9.079644097222222543e-02
6.245177469135802448e-04
1.953800154320987567e-02
1.597945601851851914e-03
7.452618634259259092e-03
6.139081790123456688e-04
3.255208333333333542e-06
2.615740740740740526e-03
1.475694444444444406e-03
5.595341435185184967e-03
5.978732638888888899e-04
2.720269097222222012e-03
5.813802083333333148e-03
1.002423321759259196e-02
1.166666666666666720e-02
1.729456018518518365e-02
9.342206790123456714e-03
8.506944444444443929e-04
1.722704475308642000e-02
7.928964120370370072e-03
1.034589602623456860e-02
6.838107638888889228e-03
6.599874614197530874e-03
6.858000578703703394e-03
2.366669077932098686e-02
1.059944058641975294e-02
1.127363040123456790e-02
2.377507716049382606e-04
1.169809751157407374e-01
3.257523148148148279e-02
3.108796296296296308e-02
1.687065972222222265e-02
5.158998842592592282e-02
2.125000000000000153e-02
9.447096836419753216e-03
8.398437499999999653e-03
1.241319444444444371e-02
1.212239583333333398e-02
3.506944444444444475e-03
2.541473765432098603e-02
1.889648437500000139e-02
1.928421585648147987e-02
1.927276234567901203e-02
2.200544945987654294e-02
5.638888888888889117e-02
9.966362847222222376e-03
3.991849922839506098e-04
2.552083333333333287e-03
3.060136959876543286e-02
3.512152777777777929e-02
4.496865354938271719e-02
1.717158564814814936e-02
2.129316165123456769e-02
1.786747685185185314e-02
9.718967013888888534e-03
4.884379822530864057e-03
2.303481867283950490e-02
5.435836226851852027e-02
3.147907021604938460e-03
4.591145833333333537e-02
1.541280864197530805e-02
1.242717978395061797e-02
1.144748263888888812e-02
7.447916666666666921e-03
2.371901523919752938e-02
1.400776427469135887e-02
6.206597222222222376e-02
4.941116898148148473e-02
1.996708622685185175e-02
2.094786844135802448e-03
7.531346450617284333e-03
1.538676697530864251e-02
1.874565972222222085e-02
7.452136381172839649e-03
4.456681616512345873e-02
1.357060185185185106e-02
2.752893518518518406e-02
5.915147569444444142e-02
3.280285493827160559e-03
4.673394097222222446e-03
3.518663194444444225e-02
2.918402777777777748e-02
6.573350694444444163e-03
3.954041280864197677e-02
1.401331018518518594e-02
9.147569444444444975e-02
3.670850212191358042e-02
3.548719618055555525e-02
1.547791280864197535e-03
4.822530864197530978e-07
2.411265432098765489e-07
4.262924382716049704e-02
4.842881944444444448e-02
3.074556327160493999e-02
1.047043788580246867e-02
2.890600887345678993e-02
3.281792534722222099e-02
2.223668981481481330e-02
1.774739583333333204e-02
3.248842592592592754e-02
2.623697916666666713e-02
7.612364969135802795e-03
1.100610050154320931e-02
1.772280092592592711e-05
4.359664351851851721e-02
4.286084587191357764e-02
4.497034143518518351e-02
4.424792631172839302e-02
1.294270833333333384e-02
8.210455246913579697e-02
6.627652391975308310e-02
8.080451871141974829e-02
2.916666666666666713e-02
2.863835841049382561e-02
2.873432677469135721e-02
2.898063753858024644e-02
2.958887924382716181e-02
6.082790798611110994e-02
3.544861593364197205e-02
1.181520061728395084e-05
2.252483603395061783e-03
2.777247299382715889e-02
2.624999999999999903e-02
2.671947337962963034e-02
2.704161844135802642e-02
8.506944444444443929e-04
7.701822916666666713e-03
4.127965856481481677e-02
2.078812210648148251e-02
6.694661458333332760e-02
5.576051311728395105e-02
2.676926601080246992e-02
1.824122299382716084e-02
9.266493055555555594e-03
2.135657793209876695e-03
3.317708333333333620e-02
1.296874999999999938e-02
1.309076003086419738e-03
1.808449074074073974e-04
6.500771604938272025e-03
8.642578124999999653e-03
7.570167824074074212e-04
1.790099344135802351e-02
7.638406635802469195e-03
9.552710262345678882e-03
1.182327835648148105e-02
1.296874999999999938e-02
4.172526041666666657e-02
7.833839699074073362e-03
4.178313078703703443e-02
2.219473379629629747e-02
2.335165895061728364e-02
2.800202546296296294e-02
1.111955054012345699e-02
1.137876157407407326e-03
5.017361111111111327e-02
4.456018518518518661e-04
6.144917052469135721e-02
6.808159722222222043e-02
1.713541666666666685e-02
1.836419753086419773e-03
4.059847608024691468e-02
4.718846450617283569e-03
6.130642361111111015e-03
2.108651620370370541e-03
1.038411458333333244e-03
6.582031250000000208e-03
2.616813753858024741e-02
2.357253086419753077e-02
1.072820216049382748e-02
1.694589120370370433e-02
4.554759837962963145e-03
3.092845775462962910e-02
3.707320601851851836e-03
4.052999614197530520e-02
1.860267168209876407e-02
5.749023437499999750e-02
2.536639178240740825e-02
1.743947723765432167e-02
2.051986882716049562e-03
2.100405092592592601e-02
3.253906250000000028e-02
6.418788580246913593e-04
4.240692515432098811e-03
2.413194444444444371e-03
4.068901909722222321e-02
5.981445312500000000e-02
5.824652777777777554e-03
3.940188560956790070e-02
2.091591917438271470e-02
1.794102044753086503e-02
1.851526331018518365e-02
1.106047453703703706e-02
1.637008101851851818e-02
3.977430555555555580e-02
2.676878375771605048e-02
6.585286458333333183e-03
3.007691936728395209e-03
3.551263503086420081e-02
2.171296296296296169e-02
1.414400077160493825e-02
3.924334490740740387e-03
1.374855324074074001e-02
4.424262152777777568e-02
7.534360532407407586e-03
2.650824652777777901e-02
2.558955439814814686e-02
8.109037422839505960e-02
1.508379147376543231e-02
9.317214023919753729e-02
3.832260320216049343e-02
1.724717881944444475e-02
4.208682966820987553e-02
3.793402777777777918e-03
3.342013888888888725e-03
5.567250192901234199e-03
1.193672839506172874e-02
8.589771412037037687e-03
1.559268904320987650e-02
2.040653935185185106e-02
6.072771990740740561e-03
1.125723379629629643e-02
2.924021026234568076e-03
1.997612847222222238e-02
3.064597800925926083e-02
6.665943287037037063e-03
3.300540123456790348e-02
3.482554494598765621e-02
2.323965567129629775e-02
2.019157503858024644e-02
4.408203125000000056e-02
5.218774112654320924e-02
4.511115933641974933e-03
2.333912037037037118e-02
5.326099537037037174e-02
2.471064814814814825e-02
5.466447241512345512e-02
2.175745081018518393e-02
1.110628858024691329e-01
1.078049045138888828e-01
5.420717592592592254e-02
2.471788194444444337e-02
6.049985532407407135e-03
5.980058834876543494e-02
5.930917245370370683e-02
6.206597222222222376e-02
2.961395640432098672e-02
1.019187644675925986e-01
8.916015625000000763e-03
9.797333140432098325e-03
1.062885802469135804e-02
1.351273148148148147e-02
4.645399305555555219e-02
6.629629629629629761e-02
2.366319444444444503e-02
6.432291666666666019e-02
1.388466917438271539e-02
2.987051504629629692e-02
4.498842592592592476e-02
3.260995370370370350e-02
4.463348765432098575e-02
4.463348765432098575e-02
1.492091049382716049e-02
1.297682773919753112e-02
6.573591820987654752e-03
9.466362847222221932e-02
5.628797743055555247e-02
5.868055555555555525e-02
6.516927083333332905e-03
4.236255787037036813e-02
3.764359085648148057e-02
8.275462962962963631e-03
2.062102141203703623e-02
4.075038580246913289e-02
2.267529899691357945e-02
6.817853009259259613e-03
6.562499999999999757e-03
6.287615740740740318e-03
3.178168402777777762e-02
1.102068865740740700e-03
6.009114583333333322e-03
6.857156635802469369e-03
6.294849537037037167e-03
6.911361882716049454e-02
6.965374228395061762e-02
6.954089506172839164e-02
3.655623070987654155e-02
4.500687210648147973e-02
1.182351948302469077e-02
1.272497106481481483e-02
2.527319637345679104e-02
1.018349729938271553e-01
3.439019097222222043e-02
3.600983796296296138e-03
3.163941936728394914e-03
2.030273437499999917e-02
5.300805362654321083e-03
7.695312499999999896e-03
1.850043402777777624e-02
5.212709780092592698e-02
6.954571759259259300e-03
2.114076967592592657e-02
1.762152777777777762e-02
4.365596064814815207e-03
1.620081018518518615e-02
6.543571566358024477e-03
6.838589891975308671e-03
4.430700231481481642e-03
3.807146990740740717e-03
1.077546296296296238e-02
2.414279513888888985e-03
1.403356481481481469e-02
2.485580632716049426e-02
3.944299768518518684e-02
2.261766975308642132e-03
9.041280864197530354e-02
3.460407021604938044e-02
9.114945023148147973e-02
1.974464699074074230e-03
3.587094907407407246e-02
3.483796296296296641e-02
1.676793981481481581e-03
1.709490740740740589e-02
4.081790123456790348e-02
4.187102141203703776e-02
1.422043788580246992e-01
1.611545138888888923e-02
1.445625964506172881e-02
5.766155478395061651e-02
1.419511959876543217e-02
6.097849151234568076e-03
2.660481770833333232e-02
8.806182484567900634e-03
1.026475694444444441e-03
7.950665509259258884e-03
6.168981481481481885e-03
4.984592013888888840e-02
9.642288773148148529e-03
3.402777777777777485e-02
5.547236689814814825e-02
5.920814043209876587e-02
5.469328703703704025e-02
4.857084297839506237e-02
2.810836226851851777e-02
6.311848958333333981e-02
2.633294753086419873e-02
4.844955632716049440e-03
2.411265432098765298e-04
2.005389178240740700e-02
5.316840277777777971e-03
1.216724537037036993e-02
1.809895833333333495e-02
8.252507716049382880e-02
1.848656925154321118e-02
7.812500000000000434e-04
2.010526379243827155e-01
1.947335551697530753e-01
1.902854938271605068e-01
2.878327546296296363e-02
3.789062499999999896e-03
1.132125289351851825e-02
1.412217881944444371e-02
1.780478395061728392e-02
1.410373263888888874e-02
1.691442418981481399e-02
6.000434027777777927e-04
1.154875578703703750e-03
1.482253086419753167e-02
5.217520254629629678e-02
2.540810667438271608e-02
3.888165509259259439e-02
3.618706597222222376e-02
2.465241608796296321e-02
4.072181230709876615e-02
1.006847993827160448e-02
7.368827160493827098e-03
5.868778935185185210e-03
2.056351273148148209e-02
2.350983796296296166e-04
2.611352237654320993e-02
5.484664351851851680e-03
3.685908564814814603e-02
9.354745370370370905e-03
2.018229166666666869e-03
4.003906249999999653e-03
1.440104166666666616e-02
7.691936728395062060e-03
1.078173225308642035e-02
3.772762345679012141e-02
1.466049382716049475e-03
9.239486882716049440e-03
3.171657986111111206e-03
1.659010898919753008e-01
3.023003472222222238e-02
7.754026813271605242e-03
3.983072916666666879e-02
3.399402006172839302e-02
2.516456886574074125e-02
8.768807870370369517e-03
5.889756944444444857e-03
1.205632716049382744e-07
2.011357060185185036e-02
3.037832754629629650e-02
5.483097029320987623e-03
1.254738136574074132e-02
3.307653356481481295e-03
6.156732253086420054e-02
1.269290123456790105e-02
4.280671296296296308e-02
3.300154320987654100e-02
4.827353395061728496e-03
4.006558641975308324e-03
5.328896604938271331e-02
9.654706790123456991e-03
9.217303240740741185e-03
1.943479938271604852e-03
2.359567901234567791e-02
1.033179012345679035e-02
9.489052854938270776e-03
7.239619502314814659e-02
3.666449652777777589e-03
8.143446180555555247e-03
7.018229166666666539e-03
1.145833333333333339e-03
2.903284143518518583e-03
1.529706790123456714e-03
1.395556037808642035e-02
1.200617283950617363e-02
1.861111111111110952e-02
3.398473668981481788e-02
1.041859567901234560e-02
6.871383101851851610e-03
1.416051793981481545e-02
9.028260030864198107e-03
5.803795331790123635e-02
5.945276331018518184e-02
5.932074652777778040e-02
3.025896990740740630e-02
8.480709876543210402e-02
4.590663580246913400e-02
7.055362654320987414e-02
8.934702932098764760e-02
6.660517939814815380e-02
4.723910108024691190e-03
8.107602719907407163e-02
2.294921875000000000e-02
2.583212770061728281e-02
2.351224922839506050e-03
2.652994791666666782e-02
5.641517168209876643e-02
6.929976851851852096e-03
3.287760416666666435e-02
1.064814814814814790e-02
1.807798032407407357e-02
5.403935185185185230e-02
1.354480131172839524e-02
1.330174575617283986e-02
1.711516203703703810e-03
1.173201195987654292e-03
1.262538580246913567e-03
1.443142361111111188e-03
7.097921489197530666e-03
1.537302276234567971e-02
9.976948302469135221e-02
8.343460648148148806e-02
2.245177469135802364e-02
3.013804494598765552e-02
3.255208333333333478e-03
2.857349537037036824e-04
1.671006944444444406e-02
5.839843750000000416e-03
3.121744791666666505e-02
2.983699845679012308e-03
7.445324556327161114e-02
1.773726851851851680e-02
7.505063657407407343e-03
4.804325810185185348e-03
1.095703125000000062e-02
4.382547260802469036e-02
8.165509259259259509e-03
5.002893518518518497e-03
8.478612075617283222e-03
4.875759548611111049e-02
2.115885416666666522e-03
6.983145254629629511e-03
4.043402777777777707e-02
6.810378086419753042e-03
1.343930844907407357e-02
5.292968749999999931e-03
1.468532986111111167e-02
6.059799382716049565e-02
2.324218750000000069e-02
3.244357638888888812e-02
2.233555169753086503e-02
2.381944444444444517e-02
4.076822916666666963e-02
1.786335358796296291e-01
1.059302662037037018e-01
2.884476273148148164e-03
4.091772762345678716e-02
2.243923611111111032e-03
2.848307291666666522e-03
1.293282214506172832e-02
5.200617283950617620e-03
3.064766589506172714e-02
4.759693287037036757e-02
1.396484374999999939e-03
9.162808641975309218e-05
1.192370756172839510e-03
3.895109953703703581e-02
2.369791666666666748e-03
3.256413966049382844e-04
5.595341435185184967e-03
1.188038917824074114e-01
1.142556423611111177e-01
1.148437499999999944e-01
1.102273823302469119e-01
1.155381944444444503e-01
1.149082513503086461e-01
1.310297309027777801e-01
1.363559751157407407e-01
1.410742187500000078e-01
1.044565007716049404e-01
1.201039255401234601e-01
1.358427372685185319e-01
1.208273051697530825e-01
1.748046874999999861e-02
9.837962962962963284e-03
2.025462962962962905e-04
1.929029224537036902e-01
1.736111111111111015e-03
1.329089506172839415e-03
9.479166666666666990e-03
1.411988811728395049e-02
6.954571759259259300e-02
2.489390432098765368e-03
4.881124614197530909e-02
4.385127314814814790e-03
1.223017939814814888e-02
4.046874999999999778e-02
1.905381944444444354e-03
6.896219135802468970e-04
7.729673032407407759e-03
6.130823206018518740e-02
5.495961130401234851e-02
7.432436342592592393e-02
2.907021604938271608e-02
4.102912808641975134e-02
5.450135030864197705e-02
2.836214795524691357e-02
1.733398437500000000e-02
1.090374228395061748e-02
2.121310763888888725e-03
2.022931134259259474e-03
3.978587962962962742e-04
5.856638213734567666e-02
7.243200231481480844e-02
1.205632716049382691e-06
1.624276620370370197e-02
5.823206018518518358e-03
9.944661458333333565e-03
6.679687499999999861e-03
7.958381558641975176e-03
5.516493055555555733e-03
1.735677083333333343e-02
2.440200617283950699e-02
7.928481867283950629e-03
4.730806327160493735e-02
3.796826774691357959e-02
4.750000000000000056e-02
3.918933256172839330e-02
4.476273148148147973e-02
2.726466049382715931e-02
1.247829861111111188e-02
1.771821952160493666e-02
1.587456597222222307e-02
4.822530864197530978e-07
2.779947916666666678e-03
2.245370370370370489e-02
4.853395061728394896e-03
1.300636574074074021e-02
2.066502700617283902e-02
6.872106481481481405e-06
8.923611111111111327e-03
3.877797067901234650e-03
1.638816550925925944e-03
8.198302469135802014e-04
7.925733024691357376e-02
5.347222222222221960e-03
7.584876543209876330e-03
4.463614004629629442e-03
1.305808738425925930e-01
5.315815489969135527e-02
2.518180941358024588e-02
5.861183449074074125e-02
